W1:
-3.988714888691902161e-02 -9.068560600280761719e-01 1.739770174026489258e-01
4.453406333923339844e-01 1.743497848510742188e-01 -6.699312925338745117e-01
3.186129927635192871e-01 -5.884728431701660156e-01 2.567510604858398438e-01
1.070689335465431213e-01 1.054273366928100586e+00 4.857715666294097900e-01
3.235232084989547729e-02 -6.106306910514831543e-01 9.852454811334609985e-02
-4.017219413071870804e-03 7.418471574783325195e-01 -3.396126925945281982e-01
5.335779786109924316e-01 3.795863091945648193e-01 -5.146390199661254883e-01
1.449491381645202637e-01 6.543714553117752075e-02 9.303331375122070312e-01
1.377136260271072388e-02 -6.396908760070800781e-01 1.359310448169708252e-01
5.160579085350036621e-01 -7.320436835289001465e-01 3.865013420581817627e-01
3.721342189237475395e-03 -8.529027700424194336e-01 1.362627297639846802e-01
3.368701040744781494e-01 1.095714330673217773e+00 -1.717770099639892578e-01
1.649485975503921509e-01 -3.342019021511077881e-01 1.281133890151977539e-01
-5.771584063768386841e-02 7.566430568695068359e-01 -4.208462238311767578e-01
5.475438833236694336e-01 -5.960108637809753418e-01 3.636059910058975220e-02
1.078562974929809570e+00 7.792089581489562988e-01 -6.711819022893905640e-02
3.592881262302398682e-01 -1.388320475816726685e-01 -6.037904620170593262e-01
-1.718695610761642456e-01 -5.247855186462402344e-01 -6.555539369583129883e-01
-2.704196572303771973e-01 7.607981562614440918e-01 4.840357974171638489e-02
4.982533454895019531e-01 2.300322055816650391e-01 1.573688685894012451e-01
5.576975345611572266e-01 9.581293463706970215e-01 -1.584224402904510498e-01
1.649999618530273438e-01 -5.737795829772949219e-01 1.488040983676910400e-01
-3.356384932994842529e-01 -1.718800514936447144e-02 -5.325513482093811035e-01
-1.347942929714918137e-02 -3.203858435153961182e-01 -4.308260381221771240e-01
6.497762799263000488e-01 -4.780592322349548340e-01 -2.976599931716918945e-01
5.470883846282958984e-01 8.294556140899658203e-01 -4.255311563611030579e-02
-4.422076418995857239e-02 9.175441414117813110e-02 -3.557398319244384766e-01
-5.153448581695556641e-01 1.543544679880142212e-01 1.868621259927749634e-01
3.145565986633300781e-01 1.060850471258163452e-01 -8.965970575809478760e-02
-2.675451040267944336e-01 -1.216039806604385376e-01 1.142829775810241699e+00
-2.995180785655975342e-01 -2.408742308616638184e-01 1.046940922737121582e+00
8.167363405227661133e-01 4.218137562274932861e-01 4.979204237461090088e-01

b1:
3.473581373691558838e-01
-5.203633010387420654e-02
1.531571894884109497e-02
2.792414724826812744e-01
3.330124318599700928e-01
-5.304524302482604980e-01
-6.572869420051574707e-02
1.719980239868164062e-01
3.072918951511383057e-01
2.102651633322238922e-02
4.554072320461273193e-01
-2.469102591276168823e-01
3.703981339931488037e-01
-5.076097846031188965e-01
2.703870646655559540e-02
-7.725273817777633667e-02
1.378252059221267700e-01
-1.780551373958587646e-01
2.487459480762481689e-01
4.341152310371398926e-01
-4.739690124988555908e-01
7.777163386344909668e-02
2.544081807136535645e-01
3.995531797409057617e-01
-2.327902466058731079e-01
-3.894097208976745605e-01
4.200161397457122803e-01
-7.880746722221374512e-01
5.478298664093017578e-01
-2.506595849990844727e-01
-2.620880007743835449e-01
3.356310427188873291e-01

W2:
-3.656418919563293457e-01 -9.318838268518447876e-02 -6.986985914409160614e-03 3.436756879091262817e-02 4.703493416309356689e-01 -1.412866264581680298e-02 4.584988951683044434e-02 1.434983965009450912e-02 1.010990515351295471e-01 -1.024810791015625000e+00 3.156478703022003174e-01 1.530782878398895264e-01 -9.460475444793701172e-01 -1.829395443201065063e-02 -1.423909783363342285e+00 2.919783294200897217e-01 -1.947940886020660400e-01 -1.070757865905761719e+00 -4.316254705190658569e-02 1.533376574516296387e-01 6.093046069145202637e-01 8.413346856832504272e-02 -1.802382320165634155e-01 -4.149983227252960205e-01 -1.626255750656127930e+00 3.552602827548980713e-01 -7.790192961692810059e-02 -4.159034192562103271e-01 4.530104994773864746e-02 -7.312188744544982910e-01 -1.026529788970947266e+00 2.101992964744567871e-01
2.260894626379013062e-01 -9.717646986246109009e-02 1.363751888275146484e-01 2.771173045039176941e-02 1.712970621883869171e-02 2.095213234424591064e-01 -3.013594448566436768e-02 9.903012961149215698e-02 2.556367218494415283e-01 9.610296785831451416e-02 4.508969560265541077e-02 1.412782166153192520e-02 -1.230981014668941498e-02 1.001833975315093994e-01 1.279682964086532593e-01 -1.854016482830047607e-01 1.297329925000667572e-02 5.876574665307998657e-02 -2.989607676863670349e-02 -1.230792701244354248e-02 -4.556753486394882202e-02 2.507373094558715820e-01 -8.560644090175628662e-02 -1.472861617803573608e-01 -2.342880703508853912e-02 -1.047037988901138306e-01 8.166868984699249268e-02 -6.966136097908020020e-01 -4.642132669687271118e-02 -1.486583799123764038e-02 3.260944038629531860e-02 7.721449434757232666e-02
-9.315149486064910889e-02 6.276259664446115494e-04 8.285678178071975708e-02 -2.212260007858276367e+00 -1.345163136720657349e-01 -4.434275925159454346e-01 6.814418733119964600e-02 -4.008439928293228149e-02 -8.718226104974746704e-02 -2.250698953866958618e-02 -2.779695689678192139e-01 -1.884942770004272461e+00 -1.418675035238265991e-01 -9.270433783531188965e-01 1.683693528175354004e-01 3.693957030773162842e-01 -3.539817407727241516e-02 9.598302841186523438e-02 -1.281845927238464355e+00 1.678858846426010132e-01 -1.626604437828063965e+00 3.364702686667442322e-02 -4.827342927455902100e-02 1.923913657665252686e-01 -8.170656859874725342e-02 -8.005570769309997559e-01 -1.297858729958534241e-02 -1.928400099277496338e-01 1.442452222108840942e-01 2.313760519027709961e-01 6.963498145341873169e-02 1.397609114646911621e-01
1.620512157678604126e-01 -2.891785837709903717e-02 2.505396306514739990e-01 -8.386202901601791382e-02 1.456308551132678986e-02 2.492400407791137695e-01 -4.379487782716751099e-02 -5.381347984075546265e-02 1.979637295007705688e-01 -9.892774745821952820e-03 9.135403484106063843e-02 4.850618168711662292e-02 1.029376238584518433e-01 7.598213106393814087e-02 3.322078287601470947e-02 1.010562628507614136e-01 3.087438829243183136e-02 9.207653254270553589e-02 1.764106601476669312e-01 -5.732111260294914246e-02 -7.154587190598249435e-03 1.009840667247772217e-01 -1.160248070955276489e-01 -7.160337176173925400e-03 1.660282313823699951e-01 1.912313252687454224e-01 -2.814881503582000732e-02 -7.023559212684631348e-01 -3.261246159672737122e-02 1.329615712165832520e-01 1.111049279570579529e-01 -1.192877441644668579e-01
1.942841112613677979e-01 -4.984002187848091125e-02 2.449310719966888428e-01 -6.861533969640731812e-02 1.813747137784957886e-01 2.638402283191680908e-01 1.539617031812667847e-01 9.173987805843353271e-02 1.593003720045089722e-01 7.915170490741729736e-02 8.294980227947235107e-02 2.036654651165008545e-01 3.451356291770935059e-02 1.163408160209655762e-01 -5.106407403945922852e-02 5.918421223759651184e-02 -1.331044882535934448e-01 -3.149229288101196289e-02 8.062462508678436279e-02 -7.772469520568847656e-02 -1.423293724656105042e-02 1.651183515787124634e-02 1.970226690173149109e-02 -1.928143054246902466e-01 2.051219493150711060e-01 4.021406173706054688e-02 2.479236200451850891e-02 -6.089126467704772949e-01 -3.000339027494192123e-03 -1.621464639902114868e-02 2.554820664227008820e-02 -1.226285472512245178e-01
2.883153967559337616e-02 -7.830487191677093506e-02 2.012496441602706909e-01 1.430635601282119751e-01 2.034304738044738770e-01 1.176181659102439880e-01 -8.368603885173797607e-02 1.491398811340332031e-01 2.040319740772247314e-01 -8.831695304252207279e-04 2.551884949207305908e-01 1.167751550674438477e-01 -1.225859746336936951e-01 1.520301252603530884e-01 -5.300665646791458130e-02 -9.087744355201721191e-02 1.184236332774162292e-01 8.168278634548187256e-02 -9.769190847873687744e-02 -3.064146637916564941e-02 -1.186031475663185120e-01 2.095878571271896362e-01 -7.737599313259124756e-02 -5.400017276406288147e-02 1.709692925214767456e-01 -2.338604442775249481e-02 -1.974124461412429810e-02 -7.045630216598510742e-01 7.991940528154373169e-02 1.265597529709339142e-02 4.293598607182502747e-02 6.625013053417205811e-02
1.223162636160850525e-01 1.048743948340415955e-01 -1.603658683598041534e-02 -1.581461578607559204e-01 2.578731477260589600e-01 1.042243614792823792e-01 -1.119336462579667568e-03 1.846722699701786041e-02 7.339648902416229248e-02 -4.463221412152051926e-03 4.889279231429100037e-02 4.293045401573181152e-02 -8.901895955204963684e-03 -3.599345311522483826e-02 5.063842609524726868e-02 4.663828760385513306e-02 -8.617080003023147583e-02 -6.603781878948211670e-02 1.219190061092376709e-01 9.823872894048690796e-02 2.571474015712738037e-02 2.693823277950286865e-01 -2.293380349874496460e-02 9.725141525268554688e-02 1.665999889373779297e-01 1.060651466250419617e-01 8.384631574153900146e-02 -8.376741409301757812e-01 -1.269855648279190063e-01 2.194553427398204803e-02 1.902382522821426392e-01 2.921926230192184448e-02
-2.606580592691898346e-02 3.448926806449890137e-01 -3.011245466768741608e-02 -3.803301155567169189e-01 -6.265319883823394775e-02 -2.112525105476379395e-01 1.090819388628005981e-01 1.181079819798469543e-01 8.589123934507369995e-02 -4.107291996479034424e-02 -1.451441496610641479e-01 -1.095278024673461914e+00 1.069630831480026245e-01 -4.065290391445159912e-01 1.286947578191757202e-01 -1.543901562690734863e-01 2.458937317132949829e-01 -1.569714993238449097e-01 -1.151475980877876282e-01 -2.610603533685207367e-02 -1.286746263504028320e+00 -1.130517795681953430e-01 7.643990218639373779e-02 9.307555109262466431e-02 2.004959434270858765e-01 -1.103264927864074707e+00 7.385234534740447998e-02 -1.133666038513183594e+00 -1.040924042463302612e-01 2.514771521091461182e-01 2.157380580902099609e-01 -4.329799115657806396e-02
-9.603040665388107300e-02 3.050732016563415527e-01 4.700032994151115417e-02 -2.726671397686004639e-01 -1.101311761885881424e-02 -3.120678961277008057e-01 2.516835927963256836e-01 8.766210079193115234e-02 -1.191538870334625244e-01 4.545266926288604736e-02 -1.239613443613052368e-01 -1.324594259262084961e+00 -2.583306841552257538e-02 -4.523074030876159668e-01 5.310256779193878174e-02 7.545744534581899643e-03 1.406165361404418945e-01 -1.705138087272644043e-01 -1.171711534261703491e-01 -5.139062553644180298e-02 -1.535806536674499512e+00 -8.175774663686752319e-02 3.415134176611900330e-02 7.938951253890991211e-02 1.467736065387725830e-01 -1.126226902008056641e+00 2.324773371219635010e-02 -1.224264621734619141e+00 -1.363860722631216049e-02 2.433285415172576904e-01 1.812053322792053223e-01 -1.251891106367111206e-01
6.347757577896118164e-02 1.742742657661437988e-01 2.150949835777282715e-01 -2.997679449617862701e-02 2.109854668378829956e-01 1.946260780096054077e-01 -4.600619897246360779e-02 1.392212808132171631e-01 1.401641219854354858e-01 -1.192798721604049206e-03 2.353090047836303711e-01 3.468605875968933105e-02 1.338078677654266357e-01 6.055517494678497314e-02 1.799635589122772217e-01 -1.162685379385948181e-01 -5.199703574180603027e-02 7.702050358057022095e-02 -2.844372577965259552e-02 1.183609142899513245e-01 -1.329554710537195206e-02 3.006897270679473877e-01 1.364236325025558472e-01 -2.460470236837863922e-02 3.675159439444541931e-02 -9.151742793619632721e-03 1.400788724422454834e-01 -6.950490474700927734e-01 -1.191092804074287415e-01 8.602356165647506714e-02 6.603788118809461594e-03 1.426543444395065308e-01
7.163204252719879150e-02 2.494723349809646606e-02 3.217216953635215759e-02 -1.506017297506332397e-01 2.117188423871994019e-01 2.770849466323852539e-01 7.577847689390182495e-02 2.378954291343688965e-01 7.320977747440338135e-02 2.095742523670196533e-01 9.017930924892425537e-02 7.582400739192962646e-02 -4.827936366200447083e-02 1.826505511999130249e-01 -1.165922582149505615e-01 -1.793739013373851776e-02 1.199773252010345459e-01 1.282602697610855103e-01 7.142933458089828491e-02 1.077523231506347656e-01 -3.758260235190391541e-02 3.038795478641986847e-02 1.082852184772491455e-01 7.917080074548721313e-02 1.726388186216354370e-01 -5.920906364917755127e-02 -1.062089130282402039e-01 -8.221815228462219238e-01 -1.340162009000778198e-01 4.226655513048171997e-02 2.061689943075180054e-01 1.261030137538909912e-01
1.722632050514221191e-01 9.135700017213821411e-02 1.512701809406280518e-01 -8.056593686342239380e-02 1.729028373956680298e-01 3.490012884140014648e-01 -1.074223741888999939e-01 1.690770499408245087e-02 1.746934950351715088e-01 7.902570068836212158e-02 2.189197242259979248e-01 -9.516769647598266602e-02 1.655960828065872192e-01 7.177034765481948853e-02 1.805662363767623901e-02 1.004816666245460510e-01 -1.401163488626480103e-01 1.163342744112014771e-01 -3.652109578251838684e-02 7.888340950012207031e-02 5.558338761329650879e-02 1.659330166876316071e-02 3.505038842558860779e-02 -1.125713214278221130e-01 3.977061808109283447e-02 1.479074209928512573e-01 1.444498002529144287e-01 -6.625459790229797363e-01 -2.239420078694820404e-02 2.034170925617218018e-02 1.327834427356719971e-01 1.217035390436649323e-02
1.980129927396774292e-01 1.248686090111732483e-01 2.112679928541183472e-01 2.378888195380568504e-03 1.113798767328262329e-01 8.882217854261398315e-02 1.272865980863571167e-01 9.615094959735870361e-02 1.126898732036352158e-02 7.323986291885375977e-02 2.626921534538269043e-01 -1.994540542364120483e-02 6.954449415206909180e-02 2.845914661884307861e-02 1.053668707609176636e-01 1.414162665605545044e-02 -1.525638699531555176e-01 -9.142815321683883667e-02 1.331961452960968018e-01 -7.053831964731216431e-02 -1.089978888630867004e-01 2.059748917818069458e-01 -1.119751557707786560e-01 -4.614510759711265564e-02 1.477083563804626465e-01 1.330839991569519043e-01 2.516447566449642181e-02 -7.204302549362182617e-01 -4.654235020279884338e-02 9.882496297359466553e-02 9.186445176601409912e-02 -1.379435807466506958e-01
-1.485212445259094238e-01 2.354661077260971069e-01 -2.452851086854934692e-02 -3.305060863494873047e-01 -1.393810063600540161e-01 -2.479525357484817505e-01 2.219768166542053223e-01 1.173304915428161621e-01 -1.292682737112045288e-01 6.742873042821884155e-02 -1.096294671297073364e-01 -1.140100717544555664e+00 1.142028942704200745e-01 -2.962015867233276367e-01 9.386996179819107056e-02 -3.941545635461807251e-02 1.807869374752044678e-01 -7.281921803951263428e-02 -1.615811437368392944e-01 -4.021893069148063660e-02 -1.408754229545593262e+00 -3.422080306336283684e-03 1.399202793836593628e-01 1.043712943792343140e-01 1.088510304689407349e-01 -1.034164786338806152e+00 -2.608895301818847656e-02 -1.236339926719665527e+00 -6.503334641456604004e-02 2.816236913204193115e-01 2.290802747011184692e-01 -6.578718125820159912e-02
1.090887859463691711e-01 -1.022542357444763184e+00 1.583941280841827393e-01 -6.967312190681695938e-03 7.529428601264953613e-02 1.108959242701530457e-01 -7.526183128356933594e-01 1.353840380907058716e-01 1.051828786730766296e-01 2.583322115242481232e-02 1.346587240695953369e-01 1.172008737921714783e-01 -6.830957531929016113e-02 9.905010461807250977e-02 3.296140432357788086e-01 1.137158870697021484e+00 -7.318751811981201172e-01 -8.882115036249160767e-02 1.344911456108093262e-01 -3.353095650672912598e-01 3.003834187984466553e-01 7.999504357576370239e-02 -3.721584975719451904e-01 -3.056033849716186523e-01 -1.741670221090316772e-01 9.374988675117492676e-01 -4.672940075397491455e-01 3.942440152168273926e-01 -5.657668113708496094e-01 3.281109929084777832e-01 3.315909504890441895e-01 -2.212164998054504395e-01
1.265186369419097900e-01 -1.262492537498474121e-01 1.773489080369472504e-02 -7.890459150075912476e-02 1.771114319562911987e-01 1.228442415595054626e-01 1.140227764844894409e-01 1.395796984434127808e-01 8.658001571893692017e-02 1.457192897796630859e-01 2.780509293079376221e-01 9.141831099987030029e-02 1.196697801351547241e-01 7.662408053874969482e-02 4.058573022484779358e-02 1.137226000428199768e-01 5.075844377279281616e-02 -9.959213435649871826e-02 1.516712456941604614e-01 4.548066109418869019e-02 7.183530926704406738e-02 1.722615063190460205e-01 -1.778701245784759521e-01 -2.027736045420169830e-02 -4.658523947000503540e-02 -7.154008839279413223e-03 -1.992837525904178619e-02 -6.902475953102111816e-01 -6.978267431259155273e-02 6.602473556995391846e-02 -9.632742404937744141e-02 -1.234230548143386841e-01
1.355933677405118942e-02 -1.157118529081344604e-01 1.773833632469177246e-01 9.231165051460266113e-03 -2.042382210493087769e-02 1.613707542419433594e-01 -1.403308473527431488e-02 2.655462361872196198e-02 1.975023150444030762e-01 8.715860545635223389e-02 2.601449787616729736e-01 1.529499143362045288e-01 1.497166305780410767e-01 1.916660666465759277e-01 -7.193292025476694107e-03 1.159036904573440552e-01 -3.187976777553558350e-02 3.046620823442935944e-02 -3.600547462701797485e-02 -1.280889511108398438e-01 3.079750016331672668e-02 1.786258518695831299e-01 8.601292967796325684e-03 -6.355755776166915894e-02 1.163819655776023865e-01 -7.507551461458206177e-02 -1.742716319859027863e-02 -6.534123420715332031e-01 -3.431569039821624756e-02 4.655992612242698669e-02 3.596619516611099243e-02 -5.185962095856666565e-02
2.850781977176666260e-01 -7.416712492704391479e-02 1.623868346214294434e-01 -5.981585010886192322e-02 2.105299681425094604e-01 1.396294832229614258e-01 -5.026915576308965683e-03 -2.793468534946441650e-02 3.159994781017303467e-01 1.502200067043304443e-01 1.707657873630523682e-01 1.103708893060684204e-01 1.762334108352661133e-01 1.015572100877761841e-01 3.456160053610801697e-02 8.512516319751739502e-02 -3.399395197629928589e-02 1.245232373476028442e-01 1.597469896078109741e-01 -2.601859718561172485e-02 -6.219866871833801270e-02 -4.100074060261249542e-03 7.322414219379425049e-02 -6.050183624029159546e-02 4.100494459271430969e-02 1.006209105253219604e-01 1.099903136491775513e-01 -5.827003717422485352e-01 -5.222110077738761902e-02 1.756939589977264404e-01 -2.893080003559589386e-02 1.771921515464782715e-01
2.250373177230358124e-02 -1.996181160211563110e-02 9.089591354131698608e-02 9.571602940559387207e-02 1.408898681402206421e-01 1.979888677597045898e-01 8.809947222471237183e-02 3.434948995709419250e-02 2.187394797801971436e-01 1.137658432126045227e-01 3.302320241928100586e-01 -1.608131825923919678e-01 1.074550822377204895e-01 2.241218239068984985e-01 1.035519614815711975e-01 -1.261055469512939453e-01 1.221081614494323730e-01 7.169122248888015747e-02 8.115231245756149292e-02 4.349123314023017883e-02 -4.643444344401359558e-02 9.646853804588317871e-02 -5.713238939642906189e-02 2.618787996470928192e-02 -2.336933091282844543e-02 -6.831376999616622925e-02 -1.482652127742767334e-01 -7.114583253860473633e-01 -1.788726635277271271e-02 1.862316280603408813e-01 1.206466481089591980e-01 4.423575848340988159e-02
2.328689247369766235e-01 4.707686603069305420e-02 3.270119801163673401e-02 1.080706715583801270e-01 2.591980695724487305e-01 3.070420324802398682e-01 7.600297778844833374e-02 -7.366172224283218384e-02 2.349566072225570679e-01 2.361791431903839111e-01 2.942545413970947266e-01 4.487601295113563538e-02 1.025888249278068542e-01 1.400483548641204834e-01 3.890600427985191345e-02 6.274230545386672020e-04 -1.393592953681945801e-01 7.672568410634994507e-02 8.888176828622817993e-02 -8.921203017234802246e-02 -1.262486428022384644e-01 8.422001451253890991e-02 1.332846879959106445e-01 -1.922295689582824707e-01 8.670745790004730225e-02 -9.590330533683300018e-03 -1.426696777343750000e-01 -6.201048493385314941e-01 -4.636891558766365051e-02 1.349815130233764648e-01 1.206099092960357666e-01 8.791437000036239624e-02
9.723741561174392700e-02 -1.349556595087051392e-01 -5.622109165415167809e-04 5.035047605633735657e-02 5.442129448056221008e-02 3.987434133887290955e-02 2.342431619763374329e-02 -1.683067344129085541e-02 1.473803222179412842e-01 1.124137565493583679e-01 8.840564638376235962e-02 2.311919443309307098e-02 2.655981294810771942e-02 1.461824923753738403e-01 1.299616787582635880e-02 2.896621637046337128e-02 4.700449295341968536e-03 9.504133462905883789e-02 -2.212793752551078796e-02 3.401048481464385986e-03 -2.139843553304672241e-01 1.149635836482048035e-01 1.851062290370464325e-02 -1.618919968605041504e-01 1.771010607481002808e-01 1.049491241574287415e-01 6.232200190424919128e-02 -6.236197352409362793e-01 5.603396147489547729e-02 -8.076071739196777344e-03 5.817851424217224121e-02 7.059333473443984985e-02
7.656927406787872314e-02 -4.940766375511884689e-03 2.862947881221771240e-01 3.591915592551231384e-02 2.339679151773452759e-01 2.694503068923950195e-01 -8.203844726085662842e-02 2.297790162265300751e-02 1.463411003351211548e-01 -2.567938342690467834e-02 2.861548066139221191e-01 8.691308647394180298e-02 -6.112384796142578125e-02 2.220106720924377441e-01 7.309269160032272339e-02 -1.149511337280273438e-01 -4.616575315594673157e-02 -8.599464595317840576e-02 9.279358782805502415e-04 -7.860399782657623291e-02 5.297068879008293152e-02 2.357645481824874878e-01 -1.932767778635025024e-02 -3.102953918278217316e-02 1.889661327004432678e-02 9.877509623765945435e-02 -3.783038258552551270e-02 -6.560059785842895508e-01 2.907052449882030487e-02 -1.074630543589591980e-01 1.107371225953102112e-01 5.090606957674026489e-02
9.054888784885406494e-02 8.376742154359817505e-02 3.902366384863853455e-02 9.949092566967010498e-02 3.232253342866897583e-02 8.764343708753585815e-02 1.395362466573715210e-01 2.938533201813697815e-03 2.656547725200653076e-02 4.178499337285757065e-03 3.180169165134429932e-01 -5.492290854454040527e-02 1.078510284423828125e-01 1.950353235006332397e-01 9.134395048022270203e-03 -1.480271015316247940e-02 -7.131098303943872452e-03 -3.155449870973825455e-03 2.910595852881669998e-03 -3.641351684927940369e-02 3.682645410299301147e-02 1.606989353895187378e-01 7.638133317232131958e-02 -1.096108481287956238e-01 2.769859693944454193e-02 -8.102606981992721558e-02 3.655054792761802673e-02 -7.183027267456054688e-01 -4.953685030341148376e-02 9.768410027027130127e-02 -1.693563163280487061e-02 2.442659065127372742e-02
1.402726769447326660e-01 -2.515171095728874207e-02 1.802493035793304443e-01 -1.319546718150377274e-02 7.486449927091598511e-02 2.535901665687561035e-01 3.162478283047676086e-02 -7.265781518071889877e-03 1.306290179491043091e-01 8.881927281618118286e-02 1.819375306367874146e-01 1.068388372659683228e-01 5.781393870711326599e-02 3.587751984596252441e-01 1.159466654062271118e-01 8.053210377693176270e-02 5.388013273477554321e-02 1.119168847799301147e-01 1.090075373649597168e-01 -1.289629638195037842e-01 -4.478618875145912170e-02 3.488098457455635071e-02 7.815130054950714111e-02 -6.611816585063934326e-02 1.922686845064163208e-01 1.237565744668245316e-02 -5.553559213876724243e-02 -7.264227867126464844e-01 -8.833651989698410034e-02 1.502417027950286865e-01 5.305913835763931274e-02 -6.195593252778053284e-02
-2.692190557718276978e-02 -1.489032059907913208e-01 1.716889888048171997e-01 1.680866181850433350e-01 7.719101011753082275e-02 6.173633038997650146e-02 7.243557274341583252e-02 9.498756378889083862e-03 1.191166490316390991e-01 2.080741524696350098e-01 3.147886097431182861e-01 1.019936203956604004e-01 1.656999140977859497e-01 2.193274497985839844e-01 1.019836217164993286e-01 5.033751204609870911e-02 -1.726397871971130371e-01 1.373817175626754761e-01 -7.281228154897689819e-02 -6.194887310266494751e-02 6.499623507261276245e-02 2.100027799606323242e-01 -2.937223762273788452e-02 -9.993901848793029785e-02 1.446885913610458374e-01 -1.047025918960571289e-01 8.333733677864074707e-02 -6.750817894935607910e-01 -2.893951348960399628e-02 -1.698670908808708191e-02 3.012162819504737854e-02 3.616975620388984680e-02
1.922967880964279175e-01 -7.704945802688598633e-01 -1.252144932746887207e+00 1.462802663445472717e-02 2.429344654083251953e-01 3.544328510761260986e-01 -1.682935208082199097e-01 -1.614760518074035645e+00 2.451616227626800537e-01 -6.504811048507690430e-01 1.489722728729248047e-01 2.123663425445556641e-01 3.842651098966598511e-02 3.083574473857879639e-01 -1.266612648963928223e+00 -1.348172187805175781e+00 -9.284759163856506348e-01 6.170796602964401245e-02 1.326186060905456543e-01 4.188131541013717651e-02 -7.478686571121215820e-01 1.365605890750885010e-01 2.526859939098358154e-01 1.955215036869049072e-01 -9.657517671585083008e-01 -1.030078887939453125e+00 2.980557084083557129e-01 -4.608410000801086426e-01 2.144105136394500732e-01 -8.803643584251403809e-01 -3.854793906211853027e-01 -8.801189661026000977e-01
2.528548836708068848e-01 8.008208125829696655e-02 9.332341700792312622e-02 7.651890069246292114e-02 2.487407773733139038e-01 2.607948184013366699e-01 -9.411301463842391968e-02 1.553421374410390854e-02 5.501318722963333130e-02 1.267101243138313293e-02 9.452162683010101318e-02 -1.316472887992858887e-01 -1.072597876191139221e-02 1.891834735870361328e-01 -6.149936467409133911e-02 1.308360844850540161e-01 9.120710194110870361e-02 -9.887210279703140259e-02 -3.573632612824440002e-02 -6.949569284915924072e-02 2.962127886712551117e-02 1.656567156314849854e-01 6.115460395812988281e-02 9.216880798339843750e-02 1.547587476670742035e-02 -5.260032135993242264e-03 7.005994021892547607e-02 -6.903982758522033691e-01 1.614134311676025391e-01 -4.286320880055427551e-02 2.237891554832458496e-01 8.797537535429000854e-02
1.019774973392486572e-01 1.491989642381668091e-01 2.292823940515518188e-01 9.671498835086822510e-02 2.532628178596496582e-01 2.688290774822235107e-01 -7.688933610916137695e-02 2.101353742182254791e-02 1.157285347580909729e-01 -2.836033329367637634e-02 2.416789233684539795e-01 -2.062419243156909943e-02 1.659721583127975464e-01 1.439903974533081055e-01 3.499649465084075928e-02 -2.797199971973896027e-02 2.954893000423908234e-02 8.084846287965774536e-02 1.165722757577896118e-01 8.041812479496002197e-02 8.904808759689331055e-02 1.852165013551712036e-01 -7.170278578996658325e-02 -1.397762745618820190e-01 1.970774829387664795e-01 1.316826194524765015e-01 -1.865877211093902588e-01 -6.613635420799255371e-01 -6.808649003505706787e-02 -4.162404686212539673e-02 8.502922207117080688e-02 -1.209536492824554443e-01
1.115490123629570007e-01 5.826849490404129028e-02 1.817845851182937622e-01 -3.077155351638793945e-02 6.746622920036315918e-02 2.136649042367935181e-01 1.296250969171524048e-01 -8.954725228250026703e-03 1.158160418272018433e-01 1.515510771423578262e-02 2.112644463777542114e-01 8.643953502178192139e-02 1.143188178539276123e-01 2.389655709266662598e-01 -4.526473581790924072e-02 -8.080537617206573486e-02 -4.641962237656116486e-03 -8.185787126421928406e-03 -2.738345414400100708e-02 -3.085245192050933838e-02 -4.438873752951622009e-02 1.289221644401550293e-01 -1.371004525572061539e-02 -1.092140823602676392e-01 9.883230924606323242e-02 4.992471542209386826e-03 6.500354409217834473e-02 -6.886430978775024414e-01 -9.155703336000442505e-02 2.901039272546768188e-02 1.360910236835479736e-01 -5.599237233400344849e-02
1.745620369911193848e-01 1.263797190040349960e-02 1.118493229150772095e-01 -8.664205670356750488e-02 9.797795861959457397e-02 1.338022500276565552e-01 -2.976695075631141663e-02 1.651175469160079956e-01 4.185159131884574890e-02 8.968945592641830444e-02 7.643039524555206299e-02 1.656401157379150391e-01 1.812820285558700562e-01 3.480635210871696472e-02 -1.040993258357048035e-01 -8.207592368125915527e-02 4.339344054460525513e-02 9.503185003995895386e-02 -1.134228706359863281e-02 1.292492747306823730e-01 -1.980035454034805298e-01 2.990303747355937958e-02 6.647807359695434570e-02 -1.111800670623779297e-01 7.448083907365798950e-02 5.970940366387367249e-02 -1.102246195077896118e-01 -7.185878157615661621e-01 1.403500735759735107e-01 1.977600753307342529e-01 -6.314396113157272339e-02 8.794540539383888245e-03
9.934442490339279175e-02 -1.000838994979858398e+00 -8.681060373783111572e-02 -1.958817541599273682e-01 -2.132639735937118530e-01 -2.932080626487731934e-01 -1.141449451446533203e+00 3.548139929771423340e-01 5.645796656608581543e-02 -1.460064798593521118e-01 -7.987699657678604126e-02 -2.070511281490325928e-01 -2.689110934734344482e-01 -3.511669635772705078e-01 6.246880888938903809e-01 1.456639528274536133e+00 -5.928375124931335449e-01 -2.143068052828311920e-02 1.242578327655792236e-01 -1.945767402648925781e-01 -1.019082367420196533e-01 -1.986255496740341187e-01 -4.073160290718078613e-01 -7.440597414970397949e-01 -3.792826831340789795e-01 1.002469062805175781e+00 -7.654959559440612793e-01 7.196420431137084961e-01 -5.782776474952697754e-01 3.408377170562744141e-01 3.137743175029754639e-01 1.334578990936279297e-01
2.978419661521911621e-01 -8.478794246912002563e-02 7.895899564027786255e-02 9.170061349868774414e-02 2.878906428813934326e-01 2.891905307769775391e-01 4.960251972079277039e-02 5.489759892225265503e-02 5.411071330308914185e-02 2.700226306915283203e-01 5.023493245244026184e-02 -4.287334531545639038e-02 1.022487208247184753e-01 2.753948569297790527e-01 6.311643868684768677e-02 -5.165876820683479309e-02 6.501541286706924438e-02 8.939294517040252686e-02 6.524202972650527954e-02 1.035322323441505432e-01 -3.244976326823234558e-02 1.127775199711322784e-02 -2.822627499699592590e-02 -6.591412425041198730e-02 1.298153847455978394e-01 1.399022936820983887e-01 4.786294698715209961e-02 -6.983599662780761719e-01 -1.943816989660263062e-02 2.957100421190261841e-02 1.219227313995361328e-01 6.873059319332242012e-04

b2:
1.078331395983695984e-01
5.533669590950012207e-01
4.536709487438201904e-01
5.292487144470214844e-01
5.224621891975402832e-01
5.225009918212890625e-01
4.635325372219085693e-01
5.143399238586425781e-01
4.598598778247833252e-01
5.317386388778686523e-01
3.407036364078521729e-01
3.862942159175872803e-01
6.062454581260681152e-01
5.183760523796081543e-01
-9.665248990058898926e-01
5.464529395103454590e-01
5.515092611312866211e-01
3.676449954509735107e-01
4.105545282363891602e-01
3.042851090431213379e-01
5.769758820533752441e-01
5.299755930900573730e-01
5.172784328460693359e-01
4.063462316989898682e-01
4.296848773956298828e-01
1.424325257539749146e-01
3.797473609447479248e-01
4.711440801620483398e-01
4.750762283802032471e-01
6.151755452156066895e-01
-6.540696620941162109e-01
3.235805630683898926e-01

W3:
5.040470576176367004e-42 -4.952188772923903529e-42 -4.992826428389323224e-42 -4.938175788280655358e-42 -4.946583579066604260e-42 4.928366699030381638e-42 4.929767997494706456e-42 -4.924162803637407187e-42 5.004036816103921760e-42 4.936774489816330541e-42 -4.929767997494706456e-42 4.964800459102826882e-42 -4.907347222065509382e-42 -4.956392668316877980e-42 -4.932570594423356090e-42 -4.949386175995253895e-42 -4.922761505173082370e-42 -4.911551117458483834e-42 -4.953590071388228346e-42 -4.926965400566056821e-42 -4.938175788280655358e-42 4.939577086744980175e-42 4.949386175995253895e-42 -4.925564102101732004e-42 6.078832738241056454e-42 4.907347222065509382e-42 4.914353714387133468e-42 -4.954991369852553163e-42 4.943780982137954626e-42 -4.945182280602279443e-42 4.929767997494706456e-42 4.952188772923903529e-42
-4.922761505173082370e-42 1.715369979589979126e-29 -4.905945923601184565e-42 -1.001489590090069480e-22 -2.732257108273895500e-27 -1.389285521328135842e-24 -7.897852734970880617e-22 1.930568894300300479e-41 -4.905945923601184565e-42 -1.402563368181272696e-13 -8.258189078286428807e-18 -5.495470123033722496e-22 -6.060227452446532125e-16 4.945182280602279443e-42 -4.921360206708757553e-42 -4.392782224847633837e-21 -3.715710659665972296e-21 -1.004715301653858270e-20 -1.950137685661744051e-17 -4.694559937357567925e-16 -5.960653194689138860e-23 -2.009821155341463745e-19 -3.189970656639893442e-20 -3.480375181225549103e-25 -2.834714077901335670e-16 -4.910149818994159017e-42 -1.671486862315623527e-18 -8.466154795389024829e-19 -1.451104704773393585e-25 -8.389762080880338495e-20 -4.926965400566056821e-42 -5.022472348167329501e-18
8.055172640020202834e-10 -4.745989770071901148e-07 2.332879896205231063e-11 -1.911393487930013180e-09 -2.706068080726709013e-08 -3.749448751477757469e-06 -2.084496290855053502e-11 7.947140168163002727e-11 -1.581746261747341009e-10 -1.350473903585225344e-04 3.786440050390638135e-09 -4.703940015282626064e-10 -2.198518268414773047e-05 2.953639555158815710e-10 8.168943993469568454e-11 -6.753161918560124377e-10 -4.623052802799065830e-07 -1.124453197220987022e-09 -4.850911636822274886e-07 5.001503655677197457e-09 4.897542815740507649e-09 -1.177512864991570041e-09 -6.720183023389836308e-07 5.769991706650046126e-10 -4.587557000945707841e-08 -1.401288973745806743e-09 3.207218379763787652e-10 5.114527912297717194e-09 3.783545698965440351e-10 -1.058032376022310928e-05 1.078630629258725548e-09 -9.637448616928168121e-10
1.749054354149848223e-04 -9.626227547414600849e-04 -3.560883924365043640e-04 4.605758003890514374e-04 -1.218308112584054470e-03 -2.878813305869698524e-03 1.020547468215227127e-03 1.032176427543163300e-03 -1.426028320565819740e-04 -6.888940464705228806e-03 -2.314800629392266273e-03 -2.568006748333573341e-03 -2.298662904649972916e-03 1.718850398901849985e-04 5.250921822153031826e-05 -9.959725430235266685e-04 -1.780200516805052757e-03 -1.723148627206683159e-03 -5.244829226285219193e-03 -8.104649605229496956e-04 -1.026072131935507059e-04 -2.001194516196846962e-03 -4.968904540874063969e-04 1.566392456879839301e-04 -2.905169734731316566e-03 -6.769337232981342822e-07 6.109026726335287094e-04 -3.078068606555461884e-03 -2.110403263941407204e-03 -9.912367386277765036e-05 -2.542724250815808773e-04 -1.478051766753196716e-03
-1.067938376218080521e-02 -2.445719763636589050e-02 -2.818093076348304749e-02 -2.598075568675994873e-02 -2.354111708700656891e-02 -1.704182289540767670e-02 -1.516266167163848877e-02 -3.191761672496795654e-02 -1.992763951420783997e-02 -1.822678372263908386e-02 -5.415990017354488373e-03 -1.252562552690505981e-02 -1.272782031446695328e-02 -2.592799440026283264e-02 3.527662158012390137e-02 -2.367523126304149628e-02 -1.910183392465114594e-02 -1.900730282068252563e-02 -1.240163389593362808e-02 -2.114358544349670410e-02 -2.863256633281707764e-02 -2.134939469397068024e-02 -2.803545258939266205e-02 -8.009446784853935242e-03 -2.657703869044780731e-02 -5.172664299607276917e-03 -1.248831022530794144e-02 -5.864882841706275940e-03 -2.281426824629306793e-02 -1.864620484411716461e-02 2.880941890180110931e-02 -2.308314666152000427e-02
8.749033212661743164e-01 3.840857446193695068e-01 1.087918639183044434e+00 2.427467554807662964e-01 1.991239339113235474e-01 1.935704350471496582e-01 9.141048043966293335e-02 2.844308912754058838e-01 4.615604579448699951e-01 2.880385816097259521e-01 1.088816300034523010e-01 2.240664064884185791e-01 1.617421507835388184e-01 5.073955655097961426e-01 -6.684243679046630859e-01 2.338206321001052856e-01 2.371567934751510620e-01 6.422889232635498047e-02 2.103139013051986694e-01 3.192248567938804626e-02 1.379500627517700195e-01 2.374513298273086548e-01 9.486918896436691284e-02 2.832171320915222168e-01 2.579373419284820557e-01 -1.307767987251281738e+00 2.093112915754318237e-01 2.081791013479232788e-01 2.630370557308197021e-01 2.700264751911163330e-01 -5.638968348503112793e-01 6.899347901344299316e-02
9.164058566093444824e-01 3.012216985225677490e-01 1.089847922325134277e+00 1.828059405088424683e-01 5.339042469859123230e-02 2.482147812843322754e-01 1.600378602743148804e-01 2.788163721561431885e-01 4.252119660377502441e-01 2.282033860683441162e-01 1.888794898986816406e-01 1.518727540969848633e-01 8.330299705266952515e-02 4.977281689643859863e-01 -4.751189053058624268e-01 2.126259654760360718e-01 2.664030790328979492e-01 3.124229609966278076e-01 2.960849404335021973e-01 2.956404089927673340e-01 9.971857070922851562e-02 -1.620765216648578644e-02 2.850465774536132812e-01 6.014577671885490417e-02 2.423550486564636230e-01 -1.290275573730468750e+00 1.659711450338363647e-01 1.805839836597442627e-01 7.281019538640975952e-02 2.043623775243759155e-01 -3.318398296833038330e-01 3.019693493843078613e-01
9.789894819259643555e-01 1.506747901439666748e-01 1.178436160087585449e+00 1.344080865383148193e-01 1.191041916608810425e-01 -3.457351773977279663e-02 2.418302297592163086e-01 3.570228517055511475e-01 4.958469569683074951e-01 -3.772029653191566467e-02 -5.395240709185600281e-02 2.704199776053428650e-02 8.623590320348739624e-02 4.736800789833068848e-01 -1.299382805824279785e+00 2.390811592340469360e-01 2.682471461594104767e-02 5.363528430461883545e-02 4.420263692736625671e-02 1.021365150809288025e-01 2.268978655338287354e-01 -9.781352244317531586e-03 2.054729163646697998e-01 1.883468627929687500e-01 1.228749379515647888e-01 -1.302487611770629883e+00 6.675392389297485352e-02 1.434718966484069824e-01 1.046422645449638367e-01 6.875038146972656250e-02 -1.335624098777770996e+00 1.877074688673019409e-01
9.002243280410766602e-01 1.281707733869552612e-01 1.112558603286743164e+00 2.190057337284088135e-01 4.102624580264091492e-02 1.455952078104019165e-01 1.180427521467208862e-01 5.092996358871459961e-01 5.289944410324096680e-01 1.559694111347198486e-01 9.409304708242416382e-02 2.697338461875915527e-01 2.463696599006652832e-01 5.434198379516601562e-01 -7.100940346717834473e-01 2.294444888830184937e-01 2.235796153545379639e-01 1.019755378365516663e-01 2.047461457550525665e-02 1.991457045078277588e-01 1.584600657224655151e-01 1.358328461647033691e-01 1.829161942005157471e-01 2.044156044721603394e-01 1.219367608428001404e-01 -1.301677227020263672e+00 2.383295148611068726e-01 1.791323274374008179e-01 2.703147232532501221e-01 1.469715088605880737e-01 -7.157048583030700684e-01 1.348987519741058350e-01
-6.683058738708496094e-01 3.999694809317588806e-02 -6.728709340095520020e-01 1.364845549687743187e-03 6.359688937664031982e-03 9.429774247109889984e-03 1.295455694198608398e-01 -5.058506131172180176e-01 -7.070382237434387207e-01 6.568861007690429688e-02 8.394569158554077148e-04 5.527712404727935791e-02 6.974339485168457031e-02 -6.324940323829650879e-01 -6.123693659901618958e-02 1.190929412841796875e-01 6.897774338722229004e-02 5.364867858588695526e-03 -1.029307208955287933e-02 -9.022215008735656738e-02 2.442836761474609375e-01 -1.807462982833385468e-02 8.941634744405746460e-02 -1.038399040699005127e-01 4.536483809351921082e-02 8.847992420196533203e-01 1.172527298331260681e-01 -6.384108960628509521e-02 -3.186627523973584175e-03 7.778402417898178101e-02 -4.660207033157348633e-02 -2.240527607500553131e-02
4.924162803637407187e-42 -1.492750762441409634e-22 4.933971892887680907e-42 -3.484298152671391248e-18 -3.025007376093699934e-21 -3.995331162287264298e-18 -3.097627612249803143e-17 -5.305442102795546664e-40 -4.929767997494706456e-42 -1.128199638746052447e-12 -1.490705819960462530e-14 1.066139443039490245e-18 -1.158988398847036219e-17 -9.896136565631051381e-37 -4.929767997494706456e-42 -3.046310319663748370e-17 -5.909238192362578540e-19 2.464478302962609407e-23 -2.507297197909330111e-16 -5.603383408718477440e-16 -3.588800353232925731e-26 -1.307401706834116981e-16 -8.112902248317002473e-18 6.747088803756426227e-27 -1.522448019669814853e-15 -4.932570594423356090e-42 -5.746632032571348612e-16 -9.756971195933305521e-17 -2.446959225705830897e-19 -2.474426125627436461e-15 4.952188772923903529e-42 -2.074838471726563185e-17
9.976214170455932617e-01 7.085046917200088501e-02 1.189005017280578613e+00 1.818239092826843262e-01 2.149712443351745605e-01 -7.845928519964218140e-02 -6.784582883119583130e-02 3.708552718162536621e-01 5.037081837654113770e-01 3.255055472254753113e-02 1.141868606209754944e-01 1.420107483863830566e-01 1.972672045230865479e-01 5.714709758758544922e-01 -1.297413468360900879e+00 1.370974481105804443e-01 -1.775782182812690735e-02 -6.687309942208230495e-04 5.302013829350471497e-02 1.675166934728622437e-01 1.433323472738265991e-01 9.413548558950424194e-02 1.689768582582473755e-01 1.739251166582107544e-01 1.232073921710252762e-02 -1.227684259414672852e+00 5.072876438498497009e-02 3.714608773589134216e-02 9.327042102813720703e-02 -8.499698340892791748e-02 -1.413437724113464355e+00 8.296313136816024780e-02
-4.953590071388228346e-42 6.019978202739414137e-42 -4.954991369852553163e-42 -4.907347222065509382e-42 -4.904544625136859748e-42 4.925564102101732004e-42 4.914353714387133468e-42 4.910149818994159017e-42 -4.904544625136859748e-42 1.015100607556897486e-41 -4.935373191352005724e-42 4.910149818994159017e-42 -4.914353714387133468e-42 4.945182280602279443e-42 4.914353714387133468e-42 4.949386175995253895e-42 4.919958908244432736e-42 4.928366699030381638e-42 4.938175788280655358e-42 4.932570594423356090e-42 -4.922761505173082370e-42 -4.926965400566056821e-42 -4.932570594423356090e-42 -4.929767997494706456e-42 4.905945923601184565e-42 -4.946583579066604260e-42 -4.932570594423356090e-42 4.908748520529834199e-42 -4.959195265245527614e-42 4.914353714387133468e-42 4.917156311315783102e-42 4.928366699030381638e-42
9.421581029891967773e-01 2.195088863372802734e-01 1.099944472312927246e+00 2.625017166137695312e-01 2.499881535768508911e-01 4.235116392374038696e-02 2.068859934806823730e-01 2.530190050601959229e-01 4.766401648521423340e-01 6.773726548999547958e-03 1.935321651399135590e-02 1.696709841489791870e-01 3.388608098030090332e-01 4.947769045829772949e-01 -6.033717393875122070e-01 3.637047484517097473e-02 8.778749965131282806e-03 2.488340288400650024e-01 2.281343638896942139e-01 2.133141458034515381e-01 2.784207165241241455e-01 1.165082007646560669e-01 2.093729525804519653e-01 1.917800456285476685e-01 2.581093274056911469e-02 -1.281845688819885254e+00 1.760946214199066162e-01 2.461442947387695312e-01 2.434947341680526733e-01 1.996725350618362427e-01 -5.821294188499450684e-01 2.409460693597793579e-01
9.679243564605712891e-01 1.986243128776550293e-01 1.068243384361267090e+00 2.174060940742492676e-01 2.660496234893798828e-01 2.024438828229904175e-01 1.145357340574264526e-01 4.836136698722839355e-01 4.482789337635040283e-01 -2.888847142457962036e-02 2.027378976345062256e-02 -1.413159538060426712e-02 2.518982067704200745e-02 4.140489101409912109e-01 -1.284978628158569336e+00 9.503205865621566772e-02 1.546388417482376099e-01 2.410555034875869751e-01 -1.917389407753944397e-02 4.098684340715408325e-02 1.960660368204116821e-01 1.801486462354660034e-01 1.305120289325714111e-01 2.478879690170288086e-01 1.220381110906600952e-01 -1.359608411788940430e+00 8.289104700088500977e-02 1.477963030338287354e-01 1.951590925455093384e-01 2.596074528992176056e-02 -1.366790771484375000e+00 -1.718077063560485840e-02
-2.955706612794983812e-08 -4.141798417549580336e-04 -3.640554723460809328e-06 -7.091402076184749603e-04 -5.319475894793868065e-04 -2.256604144349694252e-03 -2.248576056445017457e-04 8.680575410835444927e-05 5.254288771538995206e-05 -9.487726492807269096e-04 3.099508467130362988e-04 -1.259875250980257988e-03 -3.661914670374244452e-04 1.002048156806267798e-04 -7.707370677962899208e-04 -7.310697110369801521e-04 -2.691859554033726454e-04 -2.774389460682868958e-03 -1.176018035039305687e-03 -7.514146273024380207e-04 -1.418579835444688797e-03 -8.222671458497643471e-04 -3.973802959080785513e-04 -8.224291959777474403e-04 -3.766068490222096443e-03 1.439636776012775954e-06 -6.135796138551086187e-05 -7.983530522324144840e-04 -3.263260878156870604e-04 -1.005314406938850880e-04 7.765500340610742569e-04 -2.586129121482372284e-03
4.974609548353100602e-42 4.925564102101732004e-42 5.072700440855837797e-42 4.932570594423356090e-42 -4.950787474459578712e-42 1.483370273302778687e-38 4.945182280602279443e-42 4.904544625136859748e-42 -4.933971892887680907e-42 -4.935373191352005724e-42 -4.922761505173082370e-42 4.933971892887680907e-42 -4.911551117458483834e-42 -4.961997862174177248e-42 -4.904544625136859748e-42 -4.929767997494706456e-42 -4.921360206708757553e-42 4.947984877530929077e-42 -4.904544625136859748e-42 -4.936774489816330541e-42 -4.915755012851458285e-42 -4.938175788280655358e-42 -4.925564102101732004e-42 4.932570594423356090e-42 4.950787474459578712e-42 4.911551117458483834e-42 -4.938175788280655358e-42 4.915755012851458285e-42 -4.914353714387133468e-42 4.921360206708757553e-42 -4.931169295959031273e-42 -4.952188772923903529e-42
9.629969596862792969e-01 1.226738542318344116e-01 1.140712857246398926e+00 2.216149717569351196e-01 3.037775754928588867e-01 1.868114620447158813e-01 1.405746340751647949e-01 4.000930786132812500e-01 4.057498276233673096e-01 2.232523709535598755e-01 1.790093630552291870e-01 2.100853472948074341e-01 2.213246822357177734e-01 4.492484033107757568e-01 -6.314606070518493652e-01 2.244777679443359375e-01 1.527964025735855103e-01 6.996758282184600830e-02 1.971501559019088745e-01 1.556710153818130493e-01 1.525861024856567383e-02 2.494123429059982300e-01 2.122682482004165649e-01 1.438879966735839844e-02 1.680724024772644043e-01 -1.321845531463623047e+00 -1.475865207612514496e-02 8.229838311672210693e-02 1.305309832096099854e-01 4.125392064452171326e-02 -3.845856189727783203e-01 4.021977540105581284e-03
5.592582171120344930e-42 4.911551117458483834e-42 -4.969004354495801333e-42 -4.933971892887680907e-42 5.578569186477096759e-42 4.956392668316877980e-42 -4.904544625136859748e-42 4.917156311315783102e-42 4.918557609780107919e-42 -4.935373191352005724e-42 -4.952188772923903529e-42 -4.931169295959031273e-42 -4.908748520529834199e-42 -4.910149818994159017e-42 -4.943780982137954626e-42 4.905945923601184565e-42 4.904544625136859748e-42 4.963399160638502065e-42 4.940978385209304992e-42 -4.950787474459578712e-42 -4.983017339139049504e-42 4.940978385209304992e-42 4.949386175995253895e-42 -4.964800459102826882e-42 -4.929767997494706456e-42 4.991425129924998407e-42 4.963399160638502065e-42 -4.919958908244432736e-42 -4.953590071388228346e-42 -4.926965400566056821e-42 4.915755012851458285e-42 -5.030661486926093285e-42
-3.782635331153869629e-01 7.630915939807891846e-02 -6.015332341194152832e-01 1.944748125970363617e-02 1.087885256856679916e-02 4.907072708010673523e-02 3.973408788442611694e-02 -3.590119779109954834e-01 -4.702029228210449219e-01 1.956624351441860199e-02 -4.573386162519454956e-02 3.130842745304107666e-02 4.187452048063278198e-02 -4.687889814376831055e-01 2.277297973632812500e-01 1.002940535545349121e-01 6.311456114053726196e-02 2.225010469555854797e-02 1.019334979355335236e-02 -2.222550474107265472e-02 1.274660676717758179e-01 5.314750969409942627e-02 6.401882320642471313e-02 -1.466206274926662445e-02 6.889896839857101440e-02 6.714718341827392578e-01 3.921702504158020020e-02 -1.564243924804031849e-03 2.745460486039519310e-03 5.023202300071716309e-02 -2.463659346103668213e-01 2.075870335102081299e-02
9.073628187179565430e-01 2.369277775287628174e-01 1.158634662628173828e+00 2.403769195079803467e-01 1.122962236404418945e-01 2.788265049457550049e-01 1.759524345397949219e-01 4.282688200473785400e-01 4.776014387607574463e-01 9.362064301967620850e-02 1.398985236883163452e-01 1.916741728782653809e-01 2.296776026487350464e-01 4.681820571422576904e-01 -4.399973154067993164e-01 1.325349807739257812e-01 1.944741606712341309e-01 5.212888866662979126e-02 2.924371957778930664e-01 2.400009632110595703e-01 2.972882986068725586e-01 2.817690670490264893e-01 2.410373091697692871e-01 1.206584274768829346e-01 7.684846222400665283e-02 -1.374953627586364746e+00 2.100940942764282227e-01 8.597520738840103149e-02 2.506124973297119141e-01 1.113422289490699768e-01 -2.841505706310272217e-01 3.006258979439735413e-02
9.567812681198120117e-01 3.329857811331748962e-02 1.146260023117065430e+00 1.124021112918853760e-01 3.050402998924255371e-01 2.454900890588760376e-01 1.252193450927734375e-01 3.592617511749267578e-01 4.637978672981262207e-01 2.018232829868793488e-02 1.074161678552627563e-01 1.614011228084564209e-01 2.467827796936035156e-01 5.695844292640686035e-01 -1.053100705146789551e+00 1.489254236221313477e-01 2.518846988677978516e-01 1.375506222248077393e-01 -4.504014924168586731e-02 4.801845178008079529e-02 1.070073470473289490e-01 1.968895792961120605e-01 1.373205482959747314e-01 2.096699774265289307e-01 1.505176126956939697e-01 -1.206436634063720703e+00 2.484770305454730988e-02 2.489688619971275330e-02 1.598281264305114746e-01 1.608878374099731445e-01 -1.075731754302978516e+00 7.840330153703689575e-02
9.552325010299682617e-01 2.099007517099380493e-01 1.082616090774536133e+00 -1.196676772087812424e-02 2.327304780483245850e-01 9.108820557594299316e-02 -9.912109933793544769e-03 1.978044211864471436e-01 4.010322690010070801e-01 2.000208944082260132e-01 2.132764309644699097e-01 2.318721711635589600e-01 7.450410723686218262e-02 3.512977361679077148e-01 -7.608169913291931152e-01 1.773625016212463379e-01 8.661672472953796387e-02 1.431798934936523438e-01 2.119673043489456177e-01 1.140065565705299377e-01 1.463620215654373169e-01 2.088411301374435425e-01 2.115976624190807343e-02 2.546205520629882812e-01 5.542697757482528687e-02 -1.381927132606506348e+00 1.847160607576370239e-01 2.033444046974182129e-01 9.360632300376892090e-02 2.378789931535720825e-01 -7.527207136154174805e-01 1.364207118749618530e-01
-3.957594037055969238e-01 2.792418561875820160e-02 -4.998438954353332520e-01 -5.553860682994127274e-03 -6.112560629844665527e-03 2.183169312775135040e-02 1.334748715162277222e-01 -3.792968094348907471e-01 -4.959135949611663818e-01 4.269864037632942200e-02 1.739567262120544910e-03 4.772256314754486084e-02 2.483564615249633789e-02 -4.768265485763549805e-01 -9.040216356515884399e-02 6.416601687669754028e-02 1.342374086380004883e-02 5.854207091033458710e-03 7.007843814790248871e-03 -3.343614563345909119e-02 2.238841801881790161e-01 -5.499798804521560669e-02 6.088261306285858154e-02 -7.861784100532531738e-02 2.407617866992950439e-02 4.328894019126892090e-01 9.072933346033096313e-02 -6.806433945894241333e-02 -2.602333016693592072e-02 7.213640958070755005e-02 -3.059937059879302979e-02 -3.455232083797454834e-02
-4.662119990808666395e-41 -2.647036236036459655e-12 -4.959195265245527614e-42 -1.675928167944873426e-12 -4.730253341800327860e-11 -2.264277432217909336e-09 -3.823752078857545200e-11 -3.538775999626669424e-22 -2.806502339335045202e-25 -2.956520006591745187e-08 -1.120336670656918443e-10 -1.435323322869497265e-12 -4.319869462143799410e-10 -7.028917132792859683e-37 -4.052985313492520406e-15 -9.667470990404325448e-11 -1.234921540027578146e-11 -1.902194894654041235e-11 -8.031553200282814942e-09 -8.325168679435002161e-12 -2.628946864889625257e-13 -1.589219728037605250e-11 -1.441779681754518094e-11 -9.207084747386851120e-12 -7.263143420033202347e-10 -4.954991369852553163e-42 -8.674619182691412078e-12 -1.984102049323865913e-10 -5.511552331741902469e-16 -4.467662676442551994e-13 -1.598933585985820024e-22 -1.506907265635959448e-09
7.208416461944580078e-01 2.554369568824768066e-01 9.866308569908142090e-01 2.525717616081237793e-01 1.732949018478393555e-01 1.824453920125961304e-01 2.395739108324050903e-01 4.023276269435882568e-01 4.752543270587921143e-01 2.412310689687728882e-01 1.874274462461471558e-01 1.715329140424728394e-01 2.123160660266876221e-01 4.914503097534179688e-01 -1.178762093186378479e-01 2.238199710845947266e-01 1.691910624504089355e-01 2.272887527942657471e-01 2.000409215688705444e-01 1.828523278236389160e-01 2.160570323467254639e-01 1.582487523555755615e-01 1.791870743036270142e-01 2.458697557449340820e-01 1.473216712474822998e-01 -8.764688968658447266e-01 1.855796128511428833e-01 2.226701229810714722e-01 2.131111323833465576e-01 2.547445595264434814e-01 -3.523593768477439880e-03 1.874439865350723267e-01
-6.272152575093059568e-09 -1.194622473121853545e-05 4.970552858196697343e-10 -1.141652319347485900e-05 -2.127518018824048340e-05 -1.554292066430207342e-05 5.654729648085776716e-06 1.335927208856446669e-06 3.505678947135493218e-08 1.241202407982200384e-04 -1.088366116164252162e-04 4.441542114363983274e-05 -1.692889782134443521e-05 1.979468677859586023e-08 -1.112710723560894621e-08 -7.814146374585106969e-05 -5.427341966424137354e-05 -2.925622538896277547e-05 -4.300488944863900542e-05 -1.104285474866628647e-04 -1.558399162604473531e-05 -7.036945316940546036e-05 -4.432545028976164758e-05 6.813776053604669869e-06 -3.417569314478896558e-05 -8.203852708277281636e-09 -5.194662662688642740e-05 -1.805070678528863937e-05 -3.359658421686617658e-06 -3.422399095143191516e-05 -5.730470320486347191e-09 -2.165234946005512029e-05
9.608699083328247070e-01 2.767832577228546143e-01 1.139590024948120117e+00 1.087091714143753052e-01 1.032837927341461182e-01 1.320478767156600952e-01 -1.972594857215881348e-02 4.741723537445068359e-01 4.537308514118194580e-01 -3.140300884842872620e-02 1.363357752561569214e-01 2.025868743658065796e-01 8.453207463026046753e-02 4.102187752723693848e-01 -1.242077708244323730e+00 2.180779166519641876e-02 1.717802435159683228e-01 1.941484957933425903e-01 -5.549349635839462280e-02 -5.110947787761688232e-02 1.922142803668975830e-01 7.190768420696258545e-02 1.599713563919067383e-01 7.005355507135391235e-02 1.532543152570724487e-01 -1.296236395835876465e+00 2.263540327548980713e-01 1.573091298341751099e-01 1.608443707227706909e-01 1.098712980747222900e-01 -1.323302268981933594e+00 -1.757613942027091980e-02
9.269235134124755859e-01 1.513901352882385254e-01 1.126947283744812012e+00 1.118271723389625549e-01 1.624418348073959351e-01 1.156017705798149109e-01 2.782329022884368896e-01 3.225210011005401611e-01 4.508224427700042725e-01 2.832935154438018799e-01 2.726160585880279541e-01 7.988064549863338470e-03 5.596492066979408264e-02 5.205606222152709961e-01 -5.110047459602355957e-01 2.000595331192016602e-01 5.457961000502109528e-03 7.326863706111907959e-02 2.152705788612365723e-01 6.560828536748886108e-02 2.398273497819900513e-01 5.771014466881752014e-02 1.670978963375091553e-01 7.229554653167724609e-02 1.934262663125991821e-01 -1.410592198371887207e+00 1.051117032766342163e-01 2.889122962951660156e-01 1.241166740655899048e-01 1.127286329865455627e-01 -4.346185028553009033e-01 2.417361140251159668e-01
8.991833329200744629e-01 9.363278746604919434e-02 1.153584003448486328e+00 5.139289796352386475e-02 4.169387742877006531e-03 1.316863596439361572e-01 1.414565742015838623e-01 2.994408905506134033e-01 4.900452494621276855e-01 2.516770660877227783e-01 1.602950841188430786e-01 2.334580942988395691e-02 3.298795968294143677e-02 4.111956655979156494e-01 -8.237591981887817383e-01 2.758081853389739990e-01 3.069001138210296631e-01 3.095524311065673828e-01 1.571052819490432739e-01 1.888743042945861816e-01 2.661605775356292725e-01 9.913794696331024170e-02 3.283385559916496277e-02 1.169981434941291809e-01 2.208946505561470985e-03 -1.183026432991027832e+00 2.748209834098815918e-01 1.827431023120880127e-01 1.243540942668914795e-01 2.011483460664749146e-01 -8.552637100219726562e-01 1.792277544736862183e-01
-4.957793966781202797e-42 -5.200536724246479760e-24 4.945182280602279443e-42 -3.957543753728765764e-27 -1.281552664706019054e-28 -7.457145930487088514e-15 -3.911993187323989857e-21 -2.564964948515213749e-34 7.801154667758045867e-40 -4.223180236507390051e-14 -6.563258511850245989e-21 -8.245495642188892952e-25 -2.331304124928373682e-18 -3.868985060000819933e-42 4.929767997494706456e-42 -2.524724543043472412e-20 -6.491695952359598629e-29 -2.214928643976887765e-25 -1.441770182851761877e-17 -2.437792048266000253e-18 -1.417760021852687854e-37 1.514780252266896422e-21 -1.010754042572390381e-25 -3.219894789435768294e-25 -3.564730649270724644e-20 4.918557609780107919e-42 -1.495292914040138657e-22 -8.477953105110415943e-20 -1.648097985062962604e-23 -8.266368160211790017e-22 4.079053502032464225e-35 -3.324849957527832578e-16
9.111583828926086426e-01 1.175604909658432007e-01 1.047561526298522949e+00 1.399588733911514282e-01 1.692823134362697601e-04 1.603271812200546265e-01 2.564058899879455566e-01 4.284576475620269775e-01 4.515374600887298584e-01 7.043436169624328613e-02 1.310229301452636719e-01 2.186253070831298828e-01 5.596368014812469482e-02 4.192780852317810059e-01 -7.187877297401428223e-01 6.162209063768386841e-02 2.302998304367065430e-01 2.158707194030284882e-02 2.135717421770095825e-01 2.466565817594528198e-01 8.457015454769134521e-02 8.240982145071029663e-02 1.686884909868240356e-01 6.609496474266052246e-02 1.607273370027542114e-01 -1.393700361251831055e+00 -1.457443088293075562e-02 1.503882259130477905e-01 1.306308507919311523e-01 1.459740251302719116e-01 -6.486218571662902832e-01 2.200887054204940796e-01

b3:
-8.674687250587962740e-25
-1.023637254342157360e-27
-2.430828427435471895e-09
4.699109704233705997e-04
-2.321360260248184204e-02
1.012880086898803711e+00
1.061801433563232422e+00
1.061976313591003418e+00
1.128059029579162598e+00
-3.089008927345275879e-01
-3.224435895696729781e-14
9.594467878341674805e-01
-3.211983206446734067e-29
1.058275341987609863e+00
9.773048162460327148e-01
4.207660967949777842e-04
-4.429045283942090704e-16
1.173895239830017090e+00
-6.928828484808922898e-29
-5.314493775367736816e-01
1.114960312843322754e+00
1.184267759323120117e+00
1.168923854827880859e+00
-3.095645457506179810e-02
-1.071399262711492106e-12
1.183725833892822266e+00
-2.513907702450524084e-06
1.038092970848083496e+00
1.078289151191711426e+00
9.531439542770385742e-01
-2.017458144987216428e-10
1.147771000862121582e+00

W4:
7.617724946875275565e-19 -1.753820572048425674e-03 8.494071080349385738e-04 -1.233564503490924835e-02 -3.069632872939109802e-02 4.321037232875823975e-01 4.328817725181579590e-01 6.832097172737121582e-01 4.585556089878082275e-01 -5.677735805511474609e-01 1.519074570387601852e-02 6.784568428993225098e-01 -1.472122949053300545e-05 4.853562116622924805e-01 6.270570158958435059e-01 -3.340153722092509270e-03 -6.140175173863227087e-13 5.333105325698852539e-01 -3.352815529551744778e-13 -5.806897282600402832e-01 4.652342200279235840e-01 5.685219168663024902e-01 5.533878803253173828e-01 -4.250729680061340332e-01 -7.337395101785659790e-03 4.233717322349548340e-01 -4.681033082306385040e-03 6.743896007537841797e-01 5.192161798477172852e-01 5.234538912773132324e-01 6.215922068804502487e-03 5.568794012069702148e-01

b4:
2.159072875976562500e+00
