W1:
1.179826781153678894e-01 3.960250020027160645e-01 -1.874057054519653320e-01
6.339289247989654541e-02 3.800359070301055908e-01 -2.819324731826782227e-01
-3.412761986255645752e-01 -3.965077102184295654e-01 6.228464841842651367e-01
-7.169290911406278610e-03 6.347146034240722656e-01 -3.087557852268218994e-02
-2.482594549655914307e-01 4.424633681774139404e-01 4.777625203132629395e-01
-1.794993728399276733e-01 3.702137470245361328e-01 -3.319801986217498779e-01
1.195459142327308655e-01 5.344777107238769531e-01 -2.479843050241470337e-01
-2.762933969497680664e-01 1.878881305456161499e-01 -2.989725768566131592e-01
-2.174427956342697144e-01 2.989396750926971436e-01 -1.674526035785675049e-01
1.288781166076660156e-01 3.534851372241973877e-01 -2.711275219917297363e-01
-1.267182081937789917e-01 1.985548883676528931e-01 -1.422782689332962036e-01
-2.812148071825504303e-03 4.337521195411682129e-01 3.039998412132263184e-01
-4.343731105327606201e-01 -1.789121329784393311e-01 4.194677174091339111e-01
1.143112629652023315e-01 5.450420975685119629e-01 -3.504593372344970703e-01
1.602282077074050903e-01 5.761056542396545410e-01 -3.549939393997192383e-02
1.055304408073425293e-01 4.147849380970001221e-01 -1.532103419303894043e-01
6.093943715095520020e-01 1.272806376218795776e-01 -3.966421484947204590e-01
1.321068257093429565e-01 3.508981764316558838e-01 -2.563291490077972412e-01
9.332107901573181152e-01 -5.034344196319580078e-01 3.713938593864440918e-01
8.007270097732543945e-02 1.828796118497848511e-01 4.565735533833503723e-02
-8.744040876626968384e-02 2.869348227977752686e-01 1.965184956789016724e-01
-1.484539359807968140e-01 3.291043341159820557e-01 -1.035094857215881348e-01
2.259368747472763062e-01 6.272061467170715332e-01 -1.223250329494476318e-01
-2.286653369665145874e-01 5.672702193260192871e-01 -2.105874121189117432e-01
2.226507067680358887e-01 3.350485861301422119e-01 3.944623470306396484e-01
-4.844930768013000488e-01 -1.152738034725189209e-01 5.162643194198608398e-01
2.107494324445724487e-01 5.777376294136047363e-01 6.443674117326736450e-02
1.046889871358871460e-01 4.416645765304565430e-01 -2.832216024398803711e-01
4.107631742954254150e-02 -4.035802483558654785e-01 4.311130195856094360e-02
-2.058447599411010742e-01 4.434076249599456787e-01 -1.949192732572555542e-01
9.677802771329879761e-02 6.410502195358276367e-01 -7.199752330780029297e-02
1.356984078884124756e-01 3.183158859610557556e-02 -5.542053282260894775e-02

b1:
2.771444022655487061e-01
2.786329686641693115e-01
5.726942047476768494e-02
3.012297451496124268e-01
1.983923465013504028e-01
-4.646358489990234375e-01
3.466907143592834473e-01
4.503149986267089844e-01
3.687134683132171631e-01
-7.936823368072509766e-01
2.474526762962341309e-01
4.955054521560668945e-01
-6.908996105194091797e-01
3.863183259963989258e-01
2.790793478488922119e-01
2.573238611221313477e-01
-2.250439971685409546e-01
2.996687591075897217e-01
-9.256882667541503906e-01
3.534603416919708252e-01
3.154542446136474609e-01
2.927784025669097900e-01
3.474443852901458740e-01
5.140589475631713867e-01
2.813855707645416260e-01
-7.813659906387329102e-01
2.219756841659545898e-01
3.256072998046875000e-01
2.877273559570312500e-01
4.264325797557830811e-01
-7.137441039085388184e-01
5.152350068092346191e-01

W2:
2.377740107476711273e-02 1.330932695418596268e-02 -2.345860302448272705e-01 1.671659350395202637e-01 -6.065883859992027283e-02 -1.544400453567504883e-01 9.442774578928947449e-03 1.054540276527404785e-01 -3.378898277878761292e-02 -1.333998590707778931e-01 1.535206008702516556e-02 -2.612478472292423248e-02 3.345951139926910400e-01 1.437409198842942715e-03 1.138319522142410278e-01 1.616305112838745117e-01 -2.667001448571681976e-02 9.267739020287990570e-03 -7.855438590049743652e-01 5.395975708961486816e-02 3.782605752348899841e-02 6.360863894224166870e-02 1.831043511629104614e-02 1.196833029389381409e-01 -1.014682650566101074e-01 4.415068328380584717e-01 9.048555791378021240e-02 1.162547916173934937e-01 -2.039521634578704834e-01 -5.804573651403188705e-03 -1.283032894134521484e-01 4.065508022904396057e-02
5.134581401944160461e-02 8.089704811573028564e-02 9.905423037707805634e-03 1.718576252460479736e-02 7.499845325946807861e-02 -5.633942037820816040e-02 -3.995283693075180054e-02 7.450554519891738892e-02 3.824202716350555420e-02 -1.146874874830245972e-01 4.662713035941123962e-02 7.298294454813003540e-02 3.817635178565979004e-01 1.463883817195892334e-01 6.860077381134033203e-02 1.501242518424987793e-01 -9.739103913307189941e-02 -4.540432244539260864e-02 -2.165531665086746216e-01 5.852465517818927765e-03 2.175590954720973969e-02 8.718077838420867920e-02 1.700134277343750000e-01 -2.566428110003471375e-02 6.033516675233840942e-02 4.472801983356475830e-01 1.587187200784683228e-01 4.827390238642692566e-02 1.018992215394973755e-01 1.681395769119262695e-01 -4.907821118831634521e-02 9.953167289495468140e-02
1.026295050978660583e-01 1.149872764945030212e-01 -1.345373839139938354e-01 -7.681586313992738724e-03 -7.338173687458038330e-02 -1.232330724596977234e-01 6.125294417142868042e-02 -3.861774504184722900e-02 1.131978183984756470e-01 -2.218641191720962524e-01 3.512332588434219360e-02 -5.728572979569435120e-02 3.136471509933471680e-01 6.397077441215515137e-02 1.362277120351791382e-01 4.513264074921607971e-02 -3.649877384305000305e-02 1.636390835046768188e-01 -9.129760861396789551e-01 -1.712096971459686756e-03 7.489856332540512085e-02 -5.835231021046638489e-02 -1.998982205986976624e-02 3.975278884172439575e-02 -3.079676069319248199e-02 4.934227168560028076e-01 1.006448939442634583e-01 1.388040781021118164e-01 -1.201438903808593750e-01 4.342786222696304321e-02 -2.295034527778625488e-01 -2.392162382602691650e-02
6.848464906215667725e-02 8.827316015958786011e-02 -6.446686387062072754e-02 7.545135449618101120e-03 5.289712175726890564e-02 -7.448964565992355347e-02 -3.189468756318092346e-02 2.648577466607093811e-02 -2.339227311313152313e-02 -1.717742979526519775e-01 8.212074637413024902e-02 -1.982741244137287140e-02 4.500216245651245117e-01 1.035159006714820862e-01 9.569901973009109497e-03 1.384192109107971191e-01 -3.390094265341758728e-02 1.274021565914154053e-01 -2.491792887449264526e-01 8.762580156326293945e-02 5.819048732519149780e-02 1.720622368156909943e-02 6.199011951684951782e-02 4.686380922794342041e-02 3.863428905606269836e-02 5.267912149429321289e-01 9.155016392469406128e-02 1.758159324526786804e-02 1.051127016544342041e-01 -2.860360406339168549e-02 -1.865547299385070801e-01 -3.732210025191307068e-02
3.257764130830764771e-02 1.345518976449966431e-01 4.603065177798271179e-02 -7.786563131958246231e-03 1.350551377981901169e-02 -7.376200705766677856e-02 1.502377390861511230e-01 1.108706668019294739e-01 6.531368475407361984e-03 -1.200237348675727844e-01 7.197603583335876465e-02 9.276557713747024536e-03 3.445552289485931396e-01 -1.561856176704168320e-02 6.962625682353973389e-02 7.593178004026412964e-02 -1.862840540707111359e-02 1.309100091457366943e-01 -2.352129220962524414e-01 7.002540677785873413e-02 -2.570479735732078552e-02 4.655566997826099396e-03 -6.587202101945877075e-02 1.096112579107284546e-01 8.870691061019897461e-02 4.342296421527862549e-01 1.003160700201988220e-01 -3.692569956183433533e-02 -7.362220901995897293e-03 6.027140095829963684e-02 -1.457875072956085205e-01 1.026559099555015564e-01
2.933084778487682343e-02 2.867720834910869598e-02 -6.864716112613677979e-02 4.533536359667778015e-02 2.928992360830307007e-02 -6.796772032976150513e-02 7.863860577344894409e-02 4.245895147323608398e-02 7.900121808052062988e-02 -1.268599778413772583e-01 1.020500436425209045e-01 6.866486370563507080e-02 3.529545962810516357e-01 9.566953778266906738e-02 5.279331654310226440e-02 7.509219646453857422e-02 -1.846920885145664215e-02 3.985042870044708252e-02 -1.845772117376327515e-01 3.305803611874580383e-02 2.585935033857822418e-02 1.032982319593429565e-01 7.639642804861068726e-02 4.921113699674606323e-02 3.269229829311370850e-02 4.249674081802368164e-01 6.178362295031547546e-02 -1.926522888243198395e-02 8.197551965713500977e-02 1.196333579719066620e-02 -1.605250835418701172e-01 1.154738739132881165e-01
1.542565971612930298e-01 2.324683591723442078e-02 3.868821263313293457e-02 8.609336614608764648e-02 5.629288777709007263e-02 -9.628000110387802124e-02 1.268205642700195312e-01 3.393230587244033813e-02 -1.964455703273415565e-03 -1.178175210952758789e-01 2.551858872175216675e-02 5.590289831161499023e-02 3.609468340873718262e-01 1.311356872320175171e-01 3.873143717646598816e-02 -8.938750252127647400e-03 -1.478375643491744995e-01 3.511897101998329163e-02 -2.079419046640396118e-01 9.240537136793136597e-02 4.889377951622009277e-02 1.010051369667053223e-01 1.264761686325073242e-01 -2.101270714774727821e-03 8.643840998411178589e-02 4.194248020648956299e-01 1.098079810617491603e-04 -2.077233046293258667e-02 4.647713527083396912e-02 -4.339653253555297852e-02 -1.023006215691566467e-01 1.312695294618606567e-01
2.091068178415298462e-01 2.020349539816379547e-02 3.500945121049880981e-02 4.674407839775085449e-02 -8.028808049857616425e-03 -8.550861477851867676e-02 4.664243385195732117e-02 7.677137851715087891e-02 -4.983254149556159973e-02 -1.314616799354553223e-01 -8.893999271094799042e-03 1.994097977876663208e-02 3.611767590045928955e-01 -2.033055387437343597e-02 2.416991256177425385e-02 8.463138341903686523e-02 5.856252275407314301e-03 1.119965538382530212e-01 -2.783513963222503662e-01 3.144744783639907837e-02 1.568784471601247787e-03 1.478937268257141113e-02 -1.876177266240119934e-02 1.351458132266998291e-01 -4.331059288233518600e-03 4.236558675765991211e-01 9.909421950578689575e-02 2.199704991653561592e-03 -6.178278475999832153e-02 1.319536417722702026e-01 -5.897418409585952759e-02 1.170790493488311768e-01
1.082480549812316895e-01 1.610753685235977173e-02 -6.894635409116744995e-02 6.683339178562164307e-02 -6.387913227081298828e-02 -1.063173189759254456e-01 6.192649155855178833e-02 -5.167044326663017273e-02 8.111210912466049194e-02 -1.481780707836151123e-01 5.164851620793342590e-02 -4.102515429258346558e-02 2.533503472805023193e-01 8.619387447834014893e-02 7.948183268308639526e-02 1.861478537321090698e-01 -6.608118116855621338e-02 9.149377048015594482e-02 -8.557341098785400391e-01 4.003245756030082703e-02 1.925161480903625488e-02 -7.159619126468896866e-03 1.194447278976440430e-01 1.072102859616279602e-01 -3.531591966748237610e-02 4.330312609672546387e-01 6.075513362884521484e-02 1.281533241271972656e-01 -1.430581063032150269e-01 -1.062945276498794556e-02 -1.582658886909484863e-01 -4.128006845712661743e-02
6.032539159059524536e-02 1.726429036352783442e-04 -6.682179123163223267e-02 4.630820080637931824e-02 -2.178600756451487541e-03 -1.076353937387466431e-01 1.331137865781784058e-01 -2.273420430719852448e-02 7.401362806558609009e-02 -9.128334373235702515e-02 1.488574896939098835e-03 7.537635415792465210e-02 3.721351027488708496e-01 -1.710536517202854156e-02 5.488454177975654602e-02 1.458676457405090332e-01 -1.013481393456459045e-01 5.038202181458473206e-02 -2.671746909618377686e-01 4.302833974361419678e-02 -3.165855770930647850e-03 3.227570280432701111e-02 1.063305512070655823e-01 4.370928183197975159e-02 5.350421369075775146e-02 5.027458071708679199e-01 6.472276523709297180e-03 -4.546120762825012207e-02 6.630828231573104858e-02 -3.883766382932662964e-02 -6.494161486625671387e-02 -2.830326370894908905e-02
6.406271457672119141e-02 5.711940303444862366e-02 -3.323499560356140137e-01 2.125097811222076416e-02 -2.854801528155803680e-02 -1.712010949850082397e-01 1.476036161184310913e-01 6.009513884782791138e-02 1.278806030750274658e-01 -1.608315259218215942e-01 4.617660865187644958e-02 -3.331007808446884155e-02 3.125370144844055176e-01 4.738336801528930664e-02 8.805365860462188721e-02 1.022940650582313538e-01 4.352194722741842270e-03 3.140129894018173218e-02 -8.612821102142333984e-01 -4.493073001503944397e-02 5.984565615653991699e-02 5.240002647042274475e-02 -2.338485606014728546e-02 -9.401251561939716339e-03 -4.134662076830863953e-02 4.673069715499877930e-01 6.990668177604675293e-02 1.418950408697128296e-01 -1.709399521350860596e-01 3.785074502229690552e-02 -1.714836806058883667e-01 -9.659804403781890869e-02
-4.844553768634796143e-03 -8.442516438663005829e-03 1.310952007770538330e-01 1.033255681395530701e-01 2.117425762116909027e-02 -6.188797578215599060e-02 1.537078768014907837e-01 2.323762141168117523e-02 6.213122233748435974e-02 -9.652640670537948608e-02 7.861553132534027100e-02 1.162612661719322205e-01 3.273782134056091309e-01 1.153169423341751099e-01 1.224061921238899231e-01 1.068912595510482788e-01 -8.935795724391937256e-02 7.730080396868288517e-04 -1.836027204990386963e-01 4.288085177540779114e-02 1.867041736841201782e-02 1.243067681789398193e-01 1.444101780652999878e-01 1.284919381141662598e-01 7.723825424909591675e-02 3.786258995532989502e-01 4.612292349338531494e-02 -9.945992380380630493e-03 -7.369916420429944992e-03 1.173841208219528198e-02 -9.995378553867340088e-02 2.261770889163017273e-02
5.614837631583213806e-02 9.669987857341766357e-02 -3.274029493331909180e-01 6.363222002983093262e-02 -2.992171235382556915e-02 -1.710379570722579956e-01 5.452134460210800171e-02 3.841757401823997498e-02 2.417251840233802795e-02 -1.810191273689270020e-01 2.890827693045139313e-02 -3.586928918957710266e-02 2.654537856578826904e-01 7.142621278762817383e-02 -3.764948621392250061e-02 9.807562828063964844e-02 -8.587630838155746460e-02 1.023942977190017700e-01 -8.106476068496704102e-01 -2.154245600104331970e-02 -2.067099884152412415e-02 -1.044511701911687851e-02 -6.506882607936859131e-02 4.076269641518592834e-02 -5.820568650960922241e-02 4.362478256225585938e-01 -2.070016413927078247e-02 1.438795477151870728e-01 -1.385786533355712891e-01 1.216490268707275391e-01 -1.003817543387413025e-01 -2.563730231486260891e-04
4.412124678492546082e-02 -3.039157390594482422e-02 5.681621655821800232e-02 -9.075995767489075661e-04 1.085523702204227448e-02 -8.706294745206832886e-02 5.377556011080741882e-02 3.244721144437789917e-02 3.041912242770195007e-02 -1.771248430013656616e-01 4.781807214021682739e-02 1.176212430000305176e-01 3.802943229675292969e-01 5.755799263715744019e-02 7.713672518730163574e-02 1.367648839950561523e-01 -9.754213690757751465e-02 1.708487048745155334e-02 -3.044165372848510742e-01 -4.675902053713798523e-02 1.091828197240829468e-02 2.952201478183269501e-02 -1.688390411436557770e-02 4.195903986692428589e-02 5.773783475160598755e-02 4.084303677082061768e-01 6.942343711853027344e-02 8.147106319665908813e-02 -1.682472787797451019e-02 8.026967197656631470e-02 -9.905549883842468262e-02 -8.129265904426574707e-02
1.085384935140609741e-01 9.905505180358886719e-02 8.305352181196212769e-02 7.760890573263168335e-02 8.767994493246078491e-02 -8.185420930385589600e-02 -3.239674493670463562e-02 5.328017100691795349e-02 3.940257430076599121e-02 -1.433519273996353149e-01 4.713599756360054016e-02 4.143270105123519897e-02 3.214014172554016113e-01 5.102408677339553833e-02 1.138995662331581116e-01 -1.528431288897991180e-02 -1.050955802202224731e-02 8.569521456956863403e-02 -2.311865836381912231e-01 9.292110800743103027e-02 9.734649956226348877e-02 1.192024201154708862e-01 1.266030520200729370e-01 -2.138406410813331604e-02 1.002321764826774597e-01 3.828007578849792480e-01 1.144721880555152893e-01 8.947987854480743408e-02 4.178524389863014221e-02 -1.719711534678936005e-02 -1.673266291618347168e-01 1.004867926239967346e-01
1.203010603785514832e-01 -9.919256903231143951e-03 -1.967743486166000366e-01 -3.240657746791839600e-01 -6.140209436416625977e-01 -1.180514469742774963e-01 4.723471030592918396e-02 -7.169865369796752930e-01 -4.949737787246704102e-01 -1.689333915710449219e-01 -4.048218727111816406e-01 -1.372893303632736206e-01 4.502723515033721924e-01 6.358563434332609177e-03 4.236050695180892944e-02 1.463017463684082031e-01 5.947428196668624878e-02 1.405715048313140869e-01 4.541675746440887451e-01 1.248551458120346069e-01 -5.071525573730468750e-01 -5.151182413101196289e-01 1.650205701589584351e-01 -4.199493229389190674e-01 8.715838938951492310e-02 4.451104402542114258e-01 2.803342640399932861e-01 -7.661342620849609375e-03 2.567666471004486084e-01 -3.115704357624053955e-01 -2.689008116722106934e-01 2.871935069561004639e-01
1.501703560352325439e-01 4.973869770765304565e-02 6.345257163047790527e-02 6.710303574800491333e-02 -2.903539128601551056e-02 -1.078177765011787415e-01 -4.223898984491825104e-03 -2.418125793337821960e-02 5.071495845913887024e-02 -1.845310628414154053e-01 4.452502354979515076e-02 2.787655033171176910e-02 3.521118164062500000e-01 -1.018924918025732040e-02 -6.998780736466869712e-05 -1.638376154005527496e-02 -2.669006213545799255e-02 1.301682293415069580e-01 -2.375742048025131226e-01 2.550418302416801453e-02 5.273986980319023132e-02 2.940247580409049988e-02 4.612000286579132080e-02 1.027168557047843933e-01 1.616209745407104492e-02 4.472892284393310547e-01 8.117350935935974121e-02 1.363523751497268677e-01 -2.539642900228500366e-02 1.313382983207702637e-01 -8.682313561439514160e-02 9.157507121562957764e-02
6.257485598325729370e-03 1.467822790145874023e-01 6.250382959842681885e-02 1.297471821308135986e-01 -8.756934548728168011e-04 -7.861472666263580322e-02 9.209325909614562988e-02 6.303533911705017090e-02 6.714374572038650513e-02 -8.232025802135467529e-02 6.237813085317611694e-02 -2.528217621147632599e-02 3.729264140129089355e-01 9.738121926784515381e-02 3.411254286766052246e-02 -5.043525993824005127e-02 -6.515841186046600342e-02 6.640650331974029541e-02 -2.687200605869293213e-01 2.967369928956031799e-02 9.929548203945159912e-02 1.108941249549388885e-02 3.735434263944625854e-02 8.398254960775375366e-02 1.038686409592628479e-01 4.586394429206848145e-01 1.585867553949356079e-01 4.999952018260955811e-02 4.419254139065742493e-02 1.539971679449081421e-02 -1.609871536493301392e-01 9.717073291540145874e-02
1.808666586875915527e-01 -2.152109332382678986e-02 5.485837534070014954e-02 7.194092124700546265e-02 4.991091787815093994e-02 -1.027035713195800781e-01 -5.460003763437271118e-02 4.587674513459205627e-02 -3.798608481884002686e-02 -1.612189561128616333e-01 9.722574800252914429e-02 6.656841933727264404e-02 3.593718707561492920e-01 -3.026433056220412254e-03 9.017150849103927612e-02 -3.306814702227711678e-03 -1.825406216084957123e-02 1.211498975753784180e-01 -2.149020135402679443e-01 2.448272146284580231e-02 -5.344023555517196655e-02 3.905062004923820496e-02 1.623830012977123260e-02 1.090892255306243896e-01 1.084399223327636719e-01 4.464100301265716553e-01 1.378896683454513550e-01 7.516840845346450806e-02 3.383151814341545105e-02 -7.275286130607128143e-03 -1.074538528919219971e-01 -2.607109956443309784e-02
9.745921194553375244e-02 1.000393405556678772e-01 4.161396529525518417e-03 -2.746784314513206482e-02 4.167823493480682373e-02 -8.913008868694305420e-02 2.247998863458633423e-02 -5.989543721079826355e-02 4.897167161107063293e-02 -1.994923800230026245e-01 3.788785636425018311e-02 1.384013146162033081e-01 4.088753461837768555e-01 5.759965628385543823e-02 -5.817700643092393875e-03 8.265279233455657959e-02 -3.900171816349029541e-02 1.568356305360794067e-01 -2.449831813573837280e-01 5.034410953521728516e-02 3.374795988202095032e-02 5.654835328459739685e-02 1.441179811954498291e-01 -9.155952185392379761e-02 3.467929363250732422e-02 4.579132199287414551e-01 1.163038089871406555e-01 1.771575957536697388e-02 -2.885306626558303833e-02 9.363109618425369263e-02 -1.575441658496856689e-01 7.442141941282898188e-05
1.619048565626144409e-01 1.413081735372543335e-01 -5.825383216142654419e-02 4.248354211449623108e-02 6.591159105300903320e-02 -8.060640096664428711e-02 7.030030339956283569e-02 3.343975171446800232e-02 1.359776314347982407e-02 -1.730541288852691650e-01 6.538283079862594604e-02 8.717709779739379883e-02 3.388719260692596436e-01 -4.651600122451782227e-02 1.360943466424942017e-01 1.100718230009078979e-01 -3.197069838643074036e-02 9.866598248481750488e-02 -1.899346113204956055e-01 1.921213604509830475e-02 5.397472158074378967e-02 1.645306684076786041e-02 6.400816142559051514e-02 5.147919431328773499e-02 4.927261918783187866e-02 4.143175780773162842e-01 1.348624080419540405e-01 -5.931917950510978699e-02 -4.446796141564846039e-03 1.354324370622634888e-01 -6.124318018555641174e-02 8.243348449468612671e-02
1.061570942401885986e-01 6.957589834928512573e-02 -1.066372841596603394e-01 1.206745952367782593e-01 8.371459320187568665e-03 -1.307588219642639160e-01 4.061152413487434387e-02 1.198317762464284897e-02 3.058477863669395447e-02 -1.468146145343780518e-01 6.364251673221588135e-02 1.957624033093452454e-02 3.266989290714263916e-01 -3.682857006788253784e-02 5.046708881855010986e-02 9.061089903116226196e-02 -6.123820692300796509e-02 2.802895009517669678e-02 -7.514663934707641602e-01 7.871816866099834442e-03 4.506435990333557129e-02 3.631016612052917480e-02 7.831934839487075806e-02 1.027645543217658997e-01 -5.059216171503067017e-02 4.646458923816680908e-01 1.182224825024604797e-01 6.734352558851242065e-02 -7.389645278453826904e-02 -1.721382141113281250e-03 -1.435017138719558716e-01 -5.343988165259361267e-02
3.135016560554504395e-02 1.119781658053398132e-01 6.614653766155242920e-02 1.378036439418792725e-01 9.584598988294601440e-02 -7.851025462150573730e-02 1.044400855898857117e-01 -5.886026471853256226e-02 7.664134353399276733e-02 -1.881005913019180298e-01 5.253189429640769958e-02 6.922461837530136108e-02 3.541579544544219971e-01 4.644111543893814087e-02 1.560819000005722046e-01 7.096961140632629395e-02 -2.395998686552047729e-02 1.264913659542798996e-02 -2.091335207223892212e-01 -2.923223190009593964e-03 2.352460660040378571e-02 1.417415589094161987e-01 5.108993873000144958e-02 1.320678740739822388e-01 1.082054600119590759e-01 4.349918067455291748e-01 4.242518451064825058e-03 2.171308360993862152e-02 -4.954688251018524170e-02 9.795607626438140869e-02 -1.325815618038177490e-01 6.309851258993148804e-02
-1.063153706490993500e-02 1.290817111730575562e-01 -6.193830631673336029e-03 5.182569846510887146e-02 3.281931579113006592e-02 -1.364433616399765015e-01 -3.225225955247879028e-02 -3.155218809843063354e-02 6.340714637190103531e-03 -1.411131918430328369e-01 5.399603024125099182e-02 1.849303022027015686e-02 3.834516406059265137e-01 9.795889258384704590e-02 4.166770726442337036e-02 1.041394844651222229e-01 -1.315120421350002289e-02 -3.268898278474807739e-02 -2.067302316427230835e-01 -2.312423195689916611e-03 7.702607195824384689e-03 8.986113965511322021e-02 1.409371346235275269e-01 5.353914946317672729e-02 8.176406472921371460e-02 4.635200798511505127e-01 6.529559846967458725e-03 5.359275639057159424e-02 -2.795650623738765717e-02 1.011584550142288208e-01 -1.576483398675918579e-01 8.507790416479110718e-02
1.696702539920806885e-01 7.212647795677185059e-02 -2.463439553976058960e-01 9.696117043495178223e-02 2.933712489902973175e-02 -1.419212818145751953e-01 1.141129806637763977e-01 5.910882726311683655e-02 1.699521392583847046e-02 -1.490794718265533447e-01 6.055249366909265518e-03 1.573212444782257080e-02 2.782620489597320557e-01 1.306785270571708679e-03 3.449069336056709290e-02 6.645054370164871216e-02 -6.733117252588272095e-02 -5.279612261801958084e-03 -7.877101898193359375e-01 4.831620678305625916e-02 8.158390410244464874e-03 8.028129488229751587e-02 3.600939642637968063e-03 7.122714072465896606e-02 -5.668264254927635193e-02 4.211141467094421387e-01 1.321328431367874146e-01 1.486911624670028687e-01 -7.170514017343521118e-02 6.838107854127883911e-02 -1.863560080528259277e-01 -8.078104257583618164e-02
-1.090335473418235779e-02 6.967861205339431763e-02 7.806943729519844055e-03 1.009311601519584656e-01 1.125362291932106018e-01 -9.112607687711715698e-02 1.629609167575836182e-01 1.235694736242294312e-01 1.060726940631866455e-01 -1.723455041646957397e-01 6.554497778415679932e-02 9.833276271820068359e-02 3.782769143581390381e-01 5.049822106957435608e-02 1.579124033451080322e-01 6.702446937561035156e-02 -6.219974718987941742e-03 1.170781925320625305e-01 -1.913626939058303833e-01 8.604960888624191284e-02 4.004758223891258240e-02 1.149161607027053833e-01 -1.806824654340744019e-02 2.561128698289394379e-02 8.374603837728500366e-02 4.268541336059570312e-01 -7.288669701665639877e-03 8.796083182096481323e-02 2.149387449026107788e-02 2.429899014532566071e-02 -1.164491847157478333e-01 6.534092128276824951e-02
3.748491406440734863e-02 2.555987983942031860e-02 -6.875655055046081543e-02 6.801676750183105469e-02 6.714136153459548950e-02 -3.382224738597869873e-01 3.337774053215980530e-02 -3.470154851675033569e-02 -6.732015311717987061e-02 -5.989638566970825195e-01 4.372220858931541443e-02 -8.638896793127059937e-02 4.397486448287963867e-01 4.165275767445564270e-02 1.224699765443801880e-01 1.845630705356597900e-01 -2.515953481197357178e-01 1.025098003447055817e-02 -7.246049642562866211e-01 3.508011624217033386e-02 4.730145633220672607e-02 -1.071269735693931580e-01 2.646559178829193115e-01 -2.078945785760879517e-01 -1.866544410586357117e-02 6.207345128059387207e-01 6.230246275663375854e-02 1.222584694623947144e-01 -6.176806241273880005e-02 -1.110624596476554871e-01 -5.438959002494812012e-01 -1.377938538789749146e-01
7.332257181406021118e-02 9.342554956674575806e-02 -1.915179789066314697e-01 3.096774592995643616e-02 -9.283211082220077515e-02 -1.679518967866897583e-01 6.506709754467010498e-02 -2.947295270860195160e-02 -1.651067472994327545e-02 -1.618489772081375122e-01 6.201525405049324036e-02 -8.391038514673709869e-03 3.022589385509490967e-01 3.029992617666721344e-02 1.418117880821228027e-01 1.371519714593887329e-01 -4.267397150397300720e-02 4.135216027498245239e-02 -9.482457637786865234e-01 -7.862501777708530426e-03 3.250819072127342224e-02 4.564211517572402954e-02 8.488917350769042969e-02 -3.798254206776618958e-02 -3.079044073820114136e-02 4.799955189228057861e-01 1.449291110038757324e-01 7.067484408617019653e-02 -1.257739961147308350e-01 3.375836834311485291e-02 -1.218651905655860901e-01 -3.965348377823829651e-02
1.261086016893386841e-01 1.640497595071792603e-01 -1.931063532829284668e-01 8.424714952707290649e-02 1.202513277530670166e-02 -1.274727582931518555e-01 1.505554169416427612e-01 -3.690734505653381348e-02 9.507780522108078003e-02 -1.383174955844879150e-01 4.154270514845848083e-02 1.186388283967971802e-01 3.247052133083343506e-01 7.066957652568817139e-02 1.479162871837615967e-01 -1.034854352474212646e-02 -1.323085557669401169e-02 -5.615891516208648682e-02 -7.857036590576171875e-01 8.048803545534610748e-03 7.850731164216995239e-02 9.859393537044525146e-02 8.932564407587051392e-02 1.168237105011940002e-01 -1.007425040006637573e-01 4.145539402961730957e-01 -8.739968761801719666e-03 1.519422978162765503e-01 -5.425435304641723633e-02 3.149751946330070496e-02 -1.145180016756057739e-01 -4.130969196557998657e-02
1.928207576274871826e-01 2.393008023500442505e-01 2.303021550178527832e-01 1.702093183994293213e-01 -1.932571977376937866e-01 -5.813221260905265808e-02 1.648933142423629761e-01 -1.070452779531478882e-01 -1.474616527557373047e-01 -1.813753843307495117e-01 -1.213855296373367310e-01 -2.196524590253829956e-01 5.258069634437561035e-01 1.841467022895812988e-01 2.067494243383407593e-01 2.489126175642013550e-01 -3.905058503150939941e-01 2.273936420679092407e-01 6.286935210227966309e-01 -1.640250384807586670e-01 -2.017912715673446655e-01 -9.289096295833587646e-02 2.232590317726135254e-01 6.833577901124954224e-02 -2.461614608764648438e-01 4.938398301601409912e-01 2.175617367029190063e-01 2.024843692779541016e-01 -3.735583648085594177e-02 1.000590249896049500e-02 -2.783227860927581787e-01 -1.717109531164169312e-01
2.828305587172508240e-02 4.902444779872894287e-02 5.485764890909194946e-02 5.324868485331535339e-02 4.847182333469390869e-02 -6.774196773767471313e-02 1.788806766271591187e-01 7.735308259725570679e-02 3.550494462251663208e-02 -1.186574175953865051e-01 3.010501898825168610e-02 8.497224003076553345e-02 3.503378331661224365e-01 7.361533492803573608e-02 1.275101006031036377e-01 3.257658332586288452e-02 -4.670600965619087219e-02 6.535152345895767212e-02 -2.010597735643386841e-01 -2.241725102066993713e-02 9.613510966300964355e-02 9.526438266038894653e-02 4.285838082432746887e-02 -1.327957585453987122e-02 1.166161447763442993e-01 4.053785800933837891e-01 1.206395626068115234e-01 3.094634227454662323e-02 1.475761737674474716e-02 1.352370083332061768e-01 -1.029959544539451599e-01 5.429593101143836975e-02
1.081892400979995728e-01 8.319534361362457275e-02 4.217376932501792908e-02 7.063455879688262939e-02 5.325415730476379395e-02 -4.343803972005844116e-02 1.288717240095138550e-01 1.136492006480693817e-02 4.423665255308151245e-02 -1.073255091905593872e-01 6.192057952284812927e-02 1.518739163875579834e-01 3.486011326313018799e-01 6.115978956222534180e-02 1.140242442488670349e-01 1.182707250118255615e-01 -2.743294835090637207e-02 -5.469980090856552124e-02 -2.267347127199172974e-01 3.152956813573837280e-02 3.352551907300949097e-02 5.936814099550247192e-02 9.813112765550613403e-02 -6.214862689375877380e-03 9.229725599288940430e-02 3.914572894573211670e-01 1.392458528280258179e-01 1.133024226874113083e-02 9.859257936477661133e-02 5.128980055451393127e-02 -1.094767525792121887e-01 1.196375191211700439e-01

b2:
4.661936163902282715e-01
4.495167136192321777e-01
4.709161221981048584e-01
5.578031539916992188e-01
5.164090394973754883e-01
5.067009329795837402e-01
4.146713614463806152e-01
5.064390897750854492e-01
4.489257931709289551e-01
5.392363071441650391e-01
5.121181011199951172e-01
4.334478974342346191e-01
4.695306718349456787e-01
5.205062627792358398e-01
4.673383533954620361e-01
-3.703306242823600769e-02
5.207213163375854492e-01
4.685909152030944824e-01
5.454794168472290039e-01
4.906293451786041260e-01
4.299686849117279053e-01
4.187889993190765381e-01
3.948556780815124512e-01
5.147246122360229492e-01
4.581044614315032959e-01
4.348964691162109375e-01
5.343747735023498535e-01
4.037512540817260742e-01
4.580702185630798340e-01
-7.315369844436645508e-01
4.128215909004211426e-01
4.670945107936859131e-01

W3:
1.749086230993270874e-01 1.197329089045524597e-01 2.080645114183425903e-01 1.920721828937530518e-01 1.012174561619758606e-01 1.776867806911468506e-01 1.841705888509750366e-01 1.316068321466445923e-01 1.977193206548690796e-01 1.348021328449249268e-01 2.151499390602111816e-01 1.245542615652084351e-01 1.866215616464614868e-01 9.717604517936706543e-02 5.265212804079055786e-02 -3.568971455097198486e-01 1.510304212570190430e-01 1.298712193965911865e-01 1.396366059780120850e-01 8.599368482828140259e-02 1.594767421483993530e-01 1.835965216159820557e-01 1.568693667650222778e-01 1.814888119697570801e-01 2.055215537548065186e-01 1.875448077917098999e-01 2.990947365760803223e-01 2.288851290941238403e-01 1.750533580780029297e-01 -4.194491207599639893e-01 8.926510065793991089e-02 1.892241835594177246e-01
1.489473432302474976e-01 3.685753047466278076e-02 2.868358194828033447e-01 1.461907327175140381e-01 3.841917216777801514e-02 1.141889169812202454e-01 9.107027202844619751e-02 1.896437853574752808e-01 1.632504910230636597e-01 1.455194652080535889e-01 2.558190524578094482e-01 1.412184685468673706e-01 1.132626459002494812e-01 1.964423358440399170e-01 1.758955270051956177e-01 -3.738650381565093994e-01 1.687700450420379639e-01 1.841787695884704590e-01 8.663588762283325195e-02 1.758203208446502686e-01 1.818537116050720215e-01 1.298908442258834839e-01 1.942235231399536133e-01 9.628178179264068604e-02 1.932763606309890747e-01 5.260439217090606689e-02 3.524568676948547363e-01 2.354179173707962036e-01 9.866435825824737549e-02 -4.664767682552337646e-01 1.648551970720291138e-01 1.693227738142013550e-01
1.947034299373626709e-01 7.323984801769256592e-02 2.640598118305206299e-01 1.657149195671081543e-01 9.405967593193054199e-02 8.784519135951995850e-02 3.313012421131134033e-02 6.151037290692329407e-02 2.002123445272445679e-01 1.794243305921554565e-01 2.258337289094924927e-01 1.331846509128808975e-02 1.336227059364318848e-01 1.822538375854492188e-01 3.732671588659286499e-02 -5.381597280502319336e-01 6.453972309827804565e-02 2.781159617006778717e-02 1.297789663076400757e-01 6.668823212385177612e-02 1.268031597137451172e-01 1.573659479618072510e-01 9.996128082275390625e-02 1.143316030502319336e-01 1.134899258613586426e-01 1.065280884504318237e-01 3.743911087512969971e-01 1.893761008977890015e-01 1.400896608829498291e-01 -5.730985999107360840e-01 1.615246087312698364e-01 9.875655174255371094e-03
1.832312941551208496e-01 3.468187153339385986e-02 2.126024961471557617e-01 1.664391756057739258e-01 1.501159369945526123e-01 1.456442326307296753e-01 9.417682141065597534e-02 5.539155751466751099e-02 2.169684022665023804e-01 9.641663730144500732e-02 1.699371337890625000e-01 1.238360404968261719e-01 2.311763614416122437e-01 1.143145337700843811e-01 4.529814794659614563e-02 -3.282865881919860840e-01 1.903972178697586060e-01 1.731968969106674194e-01 1.429512500762939453e-01 8.852131664752960205e-02 1.021683588624000549e-01 2.084224224090576172e-01 1.305523067712783813e-01 1.581479012966156006e-01 1.861336827278137207e-01 1.424380987882614136e-01 3.320463597774505615e-01 2.177042663097381592e-01 2.011883854866027832e-01 -4.539214670658111572e-01 1.904108971357345581e-01 1.073261946439743042e-01
2.030689418315887451e-01 1.361258029937744141e-01 2.444876134395599365e-01 2.008929103612899780e-01 1.486412733793258667e-01 1.685920953750610352e-01 1.316909343004226685e-01 2.033761143684387207e-01 2.337879687547683716e-01 1.819958090782165527e-01 2.133587002754211426e-01 8.821033686399459839e-02 1.528977602720260620e-01 1.251322478055953979e-01 2.207544445991516113e-01 -3.166171312332153320e-01 1.060688272118568420e-01 8.633223921060562134e-02 2.017140686511993408e-01 2.059585005044937134e-01 1.183554828166961670e-01 1.820390522480010986e-01 1.142191514372825623e-01 1.609783917665481567e-01 1.561304926872253418e-01 1.506855636835098267e-01 3.114108741283416748e-01 2.112357765436172485e-01 2.231542915105819702e-01 -3.967004716396331787e-01 1.377837508916854858e-01 1.910484582185745239e-01
-6.249212674447335303e-06 -8.655872989038471133e-06 -5.323206551111070439e-06 -6.085901986807584763e-06 3.804300149568007328e-06 -6.679461876046843827e-06 -6.556026164616923779e-06 -7.524653028667671606e-06 -6.355242931022075936e-06 -4.451659606274915859e-06 -4.555229679681360722e-06 -7.198792673079879023e-08 -5.689762474503368139e-06 -4.838245331484358758e-06 -7.918319170130416751e-06 -1.591288764757337049e-06 2.024953346335678361e-06 -7.597525836899876595e-06 -5.722885816794587299e-06 -7.402189112326595932e-06 -8.606780284026172012e-06 -5.477527793118497357e-06 -6.334787940431851894e-06 -7.433569408021867275e-06 -6.280421530391322449e-06 -9.716279237181879580e-06 1.297636686103942338e-06 -3.968368673668010160e-06 -7.037815521471202374e-06 1.272423673981393222e-06 3.386235221114475280e-07 -6.397062406904296950e-06
1.820624619722366333e-01 1.692130714654922485e-01 2.387772202491760254e-01 1.339231878519058228e-01 1.822796911001205444e-01 1.250253617763519287e-01 1.726303845643997192e-01 1.265129148960113525e-01 2.149439901113510132e-01 1.053222417831420898e-01 2.398791909217834473e-01 9.413091838359832764e-02 1.628483980894088745e-01 1.712964177131652832e-01 1.106517389416694641e-01 -3.054984211921691895e-01 1.207659617066383362e-01 1.314527988433837891e-01 1.890547126531600952e-01 1.964175254106521606e-01 9.912753105163574219e-02 1.992606967687606812e-01 1.792278289794921875e-01 1.120192110538482666e-01 2.021719068288803101e-01 1.169124245643615723e-01 2.989893555641174316e-01 2.095121145248413086e-01 2.373489886522293091e-01 -3.632097244262695312e-01 1.502252072095870972e-01 1.793657392263412476e-01
2.086768299341201782e-01 2.007234543561935425e-01 2.286523878574371338e-01 1.665666848421096802e-01 1.662891656160354614e-01 1.855538189411163330e-01 1.410880833864212036e-01 2.064461112022399902e-01 2.069174051284790039e-01 1.510144174098968506e-01 2.198024988174438477e-01 1.792369186878204346e-01 1.724800765514373779e-01 1.173723042011260986e-01 1.902863234281539917e-01 -2.920632958412170410e-01 1.624561548233032227e-01 1.016148775815963745e-01 1.989926546812057495e-01 1.592899113893508911e-01 1.189412772655487061e-01 1.744082123041152954e-01 1.678913235664367676e-01 9.844340384006500244e-02 1.570258289575576782e-01 1.993612349033355713e-01 2.812377214431762695e-01 2.215198427438735962e-01 2.047204077243804932e-01 -3.725357353687286377e-01 2.057933658361434937e-01 1.613417565822601318e-01
1.666797846555709839e-01 1.510549783706665039e-01 2.708525955677032471e-01 1.840134859085083008e-01 1.079258173704147339e-01 1.565847545862197876e-01 8.170168846845626831e-02 8.723896741867065430e-02 1.605048179626464844e-01 1.173150017857551575e-01 2.888620197772979736e-01 9.658584743738174438e-02 1.582554727792739868e-01 1.641281247138977051e-01 8.748079091310501099e-02 -3.830809295177459717e-01 1.000738814473152161e-01 2.136541157960891724e-01 1.682512760162353516e-01 7.458516210317611694e-02 1.726576387882232666e-01 2.144022881984710693e-01 1.298958212137222290e-01 1.387703567743301392e-01 1.355846673250198364e-01 1.616092622280120850e-01 3.338133692741394043e-01 2.529910504817962646e-01 1.214560642838478088e-01 -4.388574659824371338e-01 1.671301126480102539e-01 4.458215087652206421e-02
1.696458458900451660e-01 2.176078557968139648e-01 2.062474191188812256e-01 1.425844430923461914e-01 2.101260274648666382e-01 1.369749009609222412e-01 1.433156281709671021e-01 1.505346000194549561e-01 2.110009342432022095e-01 1.436608284711837769e-01 2.886144816875457764e-01 9.520903229713439941e-02 2.225096523761749268e-01 1.366110295057296753e-01 7.549542933702468872e-02 -3.552031219005584717e-01 2.064018100500106812e-01 2.014971673488616943e-01 1.992951482534408569e-01 2.159966677427291870e-01 8.537399768829345703e-02 1.496553272008895874e-01 1.010660007596015930e-01 1.188438013195991516e-01 1.798254102468490601e-01 1.305998563766479492e-01 3.191577494144439697e-01 2.016434669494628906e-01 2.197966128587722778e-01 -4.375815689563751221e-01 4.680870473384857178e-02 2.194389700889587402e-01
1.474591940641403198e-01 1.994717717170715332e-01 2.331320494413375854e-01 1.657336056232452393e-01 2.034827023744583130e-01 1.045891121029853821e-01 1.627701371908187866e-01 1.718462109565734863e-01 2.312728613615036011e-01 1.274953484535217285e-01 2.100251913070678711e-01 1.631214320659637451e-01 2.023972421884536743e-01 1.878681033849716187e-01 1.252008676528930664e-01 -3.161863684654235840e-01 1.180616840720176697e-01 9.873110800981521606e-02 1.112295165657997131e-01 1.877297610044479370e-01 7.794515788555145264e-02 2.074126601219177246e-01 1.104317009449005127e-01 1.095030158758163452e-01 2.035535871982574463e-01 1.720858216285705566e-01 2.761665284633636475e-01 2.221171557903289795e-01 1.964214593172073364e-01 -4.249883890151977539e-01 6.913575530052185059e-02 6.946928799152374268e-02
2.106532901525497437e-01 1.721104830503463745e-01 2.616362869739532471e-01 1.423595696687698364e-01 1.459765285253524780e-01 1.525664180517196655e-01 1.193949505686759949e-01 1.644254922866821289e-01 2.308950871229171753e-01 1.536161005496978760e-01 2.370093315839767456e-01 1.445516049861907959e-01 2.151292264461517334e-01 1.362646967172622681e-01 1.387270241975784302e-01 -3.441135287284851074e-01 1.533692926168441772e-01 1.349286139011383057e-01 1.397559493780136108e-01 1.563672721385955811e-01 1.425362974405288696e-01 2.155423611402511597e-01 1.396323591470718384e-01 1.377618014812469482e-01 1.791010797023773193e-01 1.410793364048004150e-01 3.145083487033843994e-01 2.686028480529785156e-01 2.126734405755996704e-01 -3.820912837982177734e-01 1.597996503114700317e-01 1.057663187384605408e-01
1.786672174930572510e-01 1.654221862554550171e-01 1.614174395799636841e-01 1.558466106653213501e-01 1.476232558488845825e-01 1.724915802478790283e-01 1.549975723028182983e-01 1.320119202136993408e-01 1.812384128570556641e-01 1.105284392833709717e-01 2.077930420637130737e-01 1.542652696371078491e-01 1.440069228410720825e-01 1.307173967361450195e-01 1.716891527175903320e-01 -1.859209388494491577e-01 1.464170515537261963e-01 1.655987203121185303e-01 1.644947528839111328e-01 1.257888078689575195e-01 1.470414102077484131e-01 1.671063005924224854e-01 1.859643608331680298e-01 1.276634186506271362e-01 1.699991375207901001e-01 1.897305548191070557e-01 1.885319054126739502e-01 1.506853550672531128e-01 2.116287648677825928e-01 -1.699335575103759766e-01 1.746412962675094604e-01 1.708493232727050781e-01
-5.542934522964060307e-04 -2.306720707565546036e-03 -4.690653295256197453e-04 -1.505875727161765099e-03 -3.137199906632304192e-03 -3.747514914721250534e-03 -1.531528891064226627e-03 -1.051820465363562107e-03 -5.391485756263136864e-04 -4.197535454295575619e-04 -3.819150151684880257e-04 -5.097904708236455917e-03 -4.600582760758697987e-04 -1.304301084019243717e-03 -2.044573659077286720e-03 4.254740488249808550e-04 -8.218387374654412270e-04 -2.432962181046605110e-03 -3.532167058438062668e-03 -3.294520778581500053e-03 -2.320281462743878365e-03 -5.582932499237358570e-05 -2.355174394324421883e-03 -2.666380489245057106e-03 -9.614348527975380421e-05 -5.111213773488998413e-03 6.162755016703158617e-05 -2.258959575556218624e-04 -4.383849736768752337e-04 3.110278339590877295e-04 -4.148118197917938232e-03 -4.017010796815156937e-03
2.231570482254028320e-01 6.901377812027931213e-03 1.987508088350296021e-01 2.001226544380187988e-01 1.023101061582565308e-01 4.236675798892974854e-02 1.565019935369491577e-01 1.714008152484893799e-01 1.671511381864547729e-01 1.203071624040603638e-01 1.863001734018325806e-01 9.307681024074554443e-02 2.365357428789138794e-01 5.661144107580184937e-02 1.446563936769962311e-02 -5.830316543579101562e-01 9.592232108116149902e-02 1.573337912559509277e-01 6.111128255724906921e-02 1.045191362500190735e-01 2.962465025484561920e-02 2.221102416515350342e-01 1.543212234973907471e-01 1.797837018966674805e-01 2.427453994750976562e-01 5.228265747427940369e-02 3.753117322921752930e-01 2.625202536582946777e-01 2.623737752437591553e-01 -5.541546940803527832e-01 6.156189367175102234e-02 1.964512839913368225e-02
2.364924401044845581e-01 1.314228028059005737e-01 1.898488104343414307e-01 1.448038369417190552e-01 1.568035334348678589e-01 9.916485100984573364e-02 1.312882602214813232e-01 1.569650620222091675e-01 2.580460906028747559e-01 1.675466150045394897e-01 1.775690913200378418e-01 1.098073944449424744e-01 2.127359956502914429e-01 1.677946746349334717e-01 1.279226839542388916e-01 -3.785680234432220459e-01 1.297714561223983765e-01 1.907952278852462769e-01 9.480678290128707886e-02 1.586875766515731812e-01 1.955278813838958740e-01 1.886430382728576660e-01 1.588293015956878662e-01 7.117987424135208130e-02 2.180421650409698486e-01 1.565991789102554321e-01 2.952820360660552979e-01 2.073358446359634399e-01 7.943638414144515991e-02 -4.537950754165649414e-01 7.220335304737091064e-02 8.184081315994262695e-02
1.915901750326156616e-01 1.834995001554489136e-01 2.463472038507461548e-01 1.905199587345123291e-01 1.808535754680633545e-01 1.230809316039085388e-01 1.844422519207000732e-01 1.288075000047683716e-01 1.845469176769256592e-01 1.053318008780479431e-01 2.556635439395904541e-01 1.442682296037673950e-01 1.656531393527984619e-01 6.568036973476409912e-02 2.047612518072128296e-01 -3.145469725131988525e-01 1.329286396503448486e-01 1.265522837638854980e-01 1.590145379304885864e-01 9.886086732149124146e-02 1.310264170169830322e-01 1.639334559440612793e-01 1.170489192008972168e-01 1.542797535657882690e-01 2.241490185260772705e-01 1.014221310615539551e-01 2.791482806205749512e-01 2.161539942026138306e-01 2.487647384405136108e-01 -3.932107388973236084e-01 1.410641819238662720e-01 1.428903043270111084e-01
1.941118091344833374e-01 9.613119065761566162e-02 2.183780372142791748e-01 1.490924805402755737e-01 1.778242886066436768e-01 1.413828134536743164e-01 1.140141710638999939e-01 6.938605010509490967e-02 1.702584624290466309e-01 1.523551344871520996e-01 1.837473213672637939e-01 9.774128347635269165e-02 1.803408265113830566e-01 1.072347387671470642e-01 1.975893974304199219e-01 -3.099583983421325684e-01 1.877453774213790894e-01 2.009996026754379272e-01 1.507527232170104980e-01 1.047580316662788391e-01 1.890245378017425537e-01 1.654573231935501099e-01 1.356147676706314087e-01 1.927731931209564209e-01 1.887690722942352295e-01 1.849680691957473755e-01 2.872498333454132080e-01 2.189216762781143188e-01 2.371148020029067993e-01 -3.785725831985473633e-01 1.399481892585754395e-01 5.358811467885971069e-02
1.777447015047073364e-01 1.581297963857650757e-01 1.907652318477630615e-01 1.960091888904571533e-01 1.120708361268043518e-01 1.147435083985328674e-01 1.081722229719161987e-01 7.274974137544631958e-02 1.929749548435211182e-01 1.619811356067657471e-01 2.513192892074584961e-01 7.290527224540710449e-02 1.959928572177886963e-01 1.532099097967147827e-01 1.737464368343353271e-01 -3.144778907299041748e-01 1.918545216321945190e-01 1.062567383050918579e-01 1.798799335956573486e-01 1.230565458536148071e-01 1.866395622491836548e-01 1.856986433267593384e-01 1.370973885059356689e-01 1.070692762732505798e-01 2.131969928741455078e-01 1.804009974002838135e-01 2.799868285655975342e-01 2.177106887102127075e-01 2.049322724342346191e-01 -3.797674179077148438e-01 1.123125180602073669e-01 1.857818365097045898e-01
2.022555321455001831e-01 1.649867743253707886e-01 2.107119858264923096e-01 1.680911928415298462e-01 1.745493412017822266e-01 1.736777275800704956e-01 1.629033833742141724e-01 1.641234904527664185e-01 1.935790777206420898e-01 1.393661051988601685e-01 2.194120287895202637e-01 1.690838187932968140e-01 1.964014023542404175e-01 1.583513915538787842e-01 1.551784276962280273e-01 -2.574485838413238525e-01 1.812333464622497559e-01 1.681756824254989624e-01 1.650115102529525757e-01 1.655829846858978271e-01 1.790896058082580566e-01 1.921140998601913452e-01 1.770848184823989868e-01 1.607239544391632080e-01 2.043872922658920288e-01 1.943919807672500610e-01 2.468886375427246094e-01 2.097484767436981201e-01 2.133389860391616821e-01 -2.434515208005905151e-01 1.670984178781509399e-01 1.769067496061325073e-01
7.456947836992355860e-10 -5.604250873147975653e-06 1.145429949077781534e-15 -5.364134722185553983e-06 -5.261032583803171292e-06 5.151379127710242756e-07 -5.584600785368820652e-06 -2.060811311821453273e-06 7.271026558619553271e-10 -2.194632997998269275e-06 -6.511163275213505131e-10 -4.219505171931814402e-06 -8.294234743466688542e-10 3.911994284067077388e-08 -7.163206646509934217e-06 3.322164047858677804e-05 -4.285718205210287124e-06 -3.568424517652601935e-06 -5.567091648117639124e-06 -2.923011379607487470e-06 -5.641899406327866018e-06 6.589429557557480166e-10 -2.468244986175704980e-07 -5.220015736995264888e-06 7.912815402910666762e-10 -6.879142347315791994e-06 8.639156945378090313e-09 -2.793054676430983818e-11 3.734478837280619246e-10 -8.986743438299527043e-08 -4.752494987769750878e-06 -2.774989297904539853e-06
2.565619647502899170e-01 1.391769647598266602e-01 2.588146626949310303e-01 1.534143388271331787e-01 9.677574783563613892e-02 1.774281859397888184e-01 1.073269769549369812e-01 8.255446702241897583e-02 2.308962494134902954e-01 1.258649230003356934e-01 2.554953694343566895e-01 1.090218350291252136e-01 2.553324103355407715e-01 1.016899272799491882e-01 2.002628147602081299e-01 -3.458598852157592773e-01 9.773296117782592773e-02 2.168096303939819336e-01 1.376873254776000977e-01 1.822044253349304199e-01 1.672973781824111938e-01 1.915704458951950073e-01 8.197180181741714478e-02 1.501063853502273560e-01 2.567912042140960693e-01 1.587038636207580566e-01 3.029392063617706299e-01 2.169021815061569214e-01 2.205431312322616577e-01 -4.091472923755645752e-01 1.942999511957168579e-01 1.996205300092697144e-01
2.283765226602554321e-01 4.163552820682525635e-02 1.937877535820007324e-01 1.263838708400726318e-01 7.241310924291610718e-02 1.745663583278656006e-01 1.213725432753562927e-01 1.541297435760498047e-01 2.458882927894592285e-01 7.646070420742034912e-02 2.672777771949768066e-01 1.420508474111557007e-01 2.490884512662887573e-01 9.439431875944137573e-02 1.129578724503517151e-01 -3.713856339454650879e-01 1.219356432557106018e-01 1.835290938615798950e-01 8.304009586572647095e-02 1.318133473396301270e-01 9.808844327926635742e-02 1.490191817283630371e-01 1.598855108022689819e-01 1.038569584488868713e-01 1.564810574054718018e-01 1.257030516862869263e-01 3.056696653366088867e-01 2.235219627618789673e-01 1.046327874064445496e-01 -4.655945897102355957e-01 8.217286318540573120e-02 2.117161154747009277e-01
-2.979487308119705379e-15 -2.159318557293232743e-11 -1.931206252856962347e-13 -1.684383969108305124e-12 -8.118226577091824936e-12 -5.941536325437812849e-13 -3.259216084950528058e-13 -6.222204695927047169e-11 -1.191461636958961266e-15 -3.828682095213635506e-14 -7.383190478010690687e-17 -2.554397492138260617e-11 -5.421812087832988958e-13 -2.254905680579288862e-12 -8.249200801613287837e-12 -1.117423207976113543e-34 -6.721517092911355462e-11 -4.111410647697488763e-13 -1.741297411177011027e-17 -4.496123254520839607e-13 -5.265467922788147348e-11 -2.947765458376910841e-14 -1.392681651425642375e-12 -1.504823067370597567e-12 -1.673143783664725434e-16 -1.805666172138842285e-10 3.187785280957655977e-28 -1.977203697048969159e-17 -2.891946325966031350e-14 -3.778143306419711766e-35 -1.151715094821481600e-11 -1.863156434689372531e-10
2.361117750406265259e-01 1.851583570241928101e-01 2.276351898908615112e-01 1.650622636079788208e-01 1.603420972824096680e-01 3.874851763248443604e-02 8.610546588897705078e-02 1.095591336488723755e-01 2.461310327053070068e-01 1.409416347742080688e-01 2.132430821657180786e-01 1.708710342645645142e-01 1.511152237653732300e-01 1.247536465525627136e-01 4.254435375332832336e-02 -4.024208486080169678e-01 6.515414267778396606e-02 8.862533420324325562e-02 1.850361675024032593e-01 7.789937406778335571e-02 1.036037579178810120e-01 1.700485795736312866e-01 5.212035775184631348e-02 1.353465616703033447e-01 1.880791485309600830e-01 1.774217039346694946e-01 3.026557564735412598e-01 2.399303168058395386e-01 1.357959359884262085e-01 -4.875469207763671875e-01 1.414808332920074463e-01 6.324801594018936157e-02
2.291546911001205444e-01 1.897718459367752075e-01 2.109965533018112183e-01 1.741508841514587402e-01 9.146186709403991699e-02 1.765965372323989868e-01 1.834196001291275024e-01 6.142633780837059021e-02 2.316364645957946777e-01 1.131532415747642517e-01 1.982351392507553101e-01 1.619594395160675049e-01 1.484850198030471802e-01 7.274798303842544556e-02 9.506892412900924683e-02 -3.786315023899078369e-01 1.607458740472793579e-01 4.205822199583053589e-02 8.399526029825210571e-02 1.393938660621643066e-01 1.917262226343154907e-01 1.954883038997650146e-01 1.121487021446228027e-01 7.323163747787475586e-02 1.979087144136428833e-01 1.250665038824081421e-01 2.712507843971252441e-01 2.019215524196624756e-01 2.341748178005218506e-01 -4.506966173648834229e-01 9.467300772666931152e-02 1.616233140230178833e-01
2.123341113328933716e-01 1.696180850267410278e-01 2.137054055929183960e-01 1.720253676176071167e-01 1.861845403909683228e-01 1.825288832187652588e-01 1.672894954681396484e-01 1.556852757930755615e-01 2.102355509996414185e-01 1.600429415702819824e-01 2.231913059949874878e-01 1.768174022436141968e-01 1.937163770198822021e-01 1.622089147567749023e-01 1.671898812055587769e-01 -2.459010630846023560e-01 1.785586029291152954e-01 1.603124439716339111e-01 1.660141795873641968e-01 1.623167544603347778e-01 1.618339419364929199e-01 2.079509496688842773e-01 1.812802851200103760e-01 1.829296797513961792e-01 2.084990292787551880e-01 1.973343640565872192e-01 2.572489082813262939e-01 2.089729309082031250e-01 2.402860075235366821e-01 -2.352131158113479614e-01 1.728372126817703247e-01 2.053338587284088135e-01
2.347681075334548950e-01 1.707382053136825562e-01 2.610527873039245605e-01 1.898016780614852905e-01 1.631689369678497314e-01 1.264748424291610718e-01 1.453105211257934570e-01 1.246942430734634399e-01 2.228873074054718018e-01 1.545800417661666870e-01 2.351642102003097534e-01 1.283987760543823242e-01 2.093284726142883301e-01 1.240385100245475769e-01 1.624998003244400024e-01 -3.044679164886474609e-01 1.468236446380615234e-01 1.667463034391403198e-01 1.414616554975509644e-01 1.250725984573364258e-01 1.072914227843284607e-01 1.971539855003356934e-01 1.311810761690139771e-01 1.616551578044891357e-01 2.154951691627502441e-01 1.253676116466522217e-01 3.021463751792907715e-01 2.435942292213439941e-01 1.843674182891845703e-01 -3.637069165706634521e-01 1.053961887955665588e-01 1.410710215568542480e-01
1.960909515619277954e-01 1.964871138334274292e-01 2.205495089292526245e-01 1.729368567466735840e-01 8.030764758586883545e-02 1.277028769254684448e-01 2.968637645244598389e-02 5.203259736299514771e-02 1.479423344135284424e-01 1.365943551063537598e-01 2.762832939624786377e-01 9.405969083309173584e-02 2.460166960954666138e-01 1.194405481219291687e-01 1.602299064397811890e-01 -3.756285607814788818e-01 2.019714713096618652e-01 1.457137763500213623e-01 1.628428846597671509e-01 1.739003807306289673e-01 5.426641553640365601e-02 1.387903392314910889e-01 1.892532110214233398e-01 2.188652604818344116e-01 1.910010129213333130e-01 9.934528917074203491e-02 3.030635416507720947e-01 2.291280627250671387e-01 1.364233642816543579e-01 -4.613285660743713379e-01 1.500375419855117798e-01 4.675525426864624023e-02
1.814533919095993042e-01 1.236390769481658936e-01 2.216167449951171875e-01 1.281495243310928345e-01 1.275629997253417969e-01 1.550190299749374390e-01 7.184091955423355103e-02 1.613599956035614014e-01 2.048597633838653564e-01 9.733797609806060791e-02 2.465324699878692627e-01 1.374348700046539307e-01 1.744294315576553345e-01 1.457358449697494507e-01 1.640212684869766235e-01 -3.491695821285247803e-01 1.452448070049285889e-01 9.062002599239349365e-02 1.709635257720947266e-01 1.120561286807060242e-01 1.439276635646820068e-01 1.772025227546691895e-01 1.237474381923675537e-01 1.044422909617424011e-01 1.644509285688400269e-01 1.387488543987274170e-01 2.911154925823211670e-01 2.352279275655746460e-01 1.382916867733001709e-01 -4.078282713890075684e-01 1.568587869405746460e-01 1.047761738300323486e-01
2.608948647975921631e-01 1.437556892633438110e-01 2.357177287340164185e-01 1.826279014348983765e-01 1.302495598793029785e-01 2.108021974563598633e-01 1.012439429759979248e-01 2.032226920127868652e-01 1.690960973501205444e-01 1.886321306228637695e-01 2.076390534639358521e-01 1.451365500688552856e-01 1.391334235668182373e-01 7.469493150711059570e-02 1.797679364681243896e-01 -3.493660390377044678e-01 1.684482246637344360e-01 1.299118399620056152e-01 1.829531043767929077e-01 1.493641436100006104e-01 1.540694534778594971e-01 2.124915122985839844e-01 1.891140490770339966e-01 1.832871437072753906e-01 2.146921157836914062e-01 1.581273376941680908e-01 2.832845151424407959e-01 2.396836131811141968e-01 2.499008029699325562e-01 -4.588924646377563477e-01 1.875377297401428223e-01 7.561189681291580200e-02
-2.353563718497753143e-02 -1.175102405250072479e-02 -1.658619567751884460e-02 -1.055549713782966137e-03 -1.285495236515998840e-02 -1.827159896492958069e-02 -2.983254380524158478e-03 -1.329595316201448441e-02 -1.402088161557912827e-02 -1.296007167547941208e-02 -1.483490504324436188e-02 -2.023528702557086945e-02 -1.229897793382406235e-02 -9.287690743803977966e-03 -1.864822022616863251e-02 -3.983716946095228195e-03 -6.779392715543508530e-03 -3.298181109130382538e-03 -2.065751934424042702e-03 -7.253265939652919769e-03 -1.897330768406391144e-02 -9.115964174270629883e-03 -9.545510634779930115e-03 -1.253442466259002686e-02 -1.655185036361217499e-02 -7.640088908374309540e-03 -1.051879860460758209e-02 -1.162233855575323105e-02 -2.104791626334190369e-02 -1.259724842384457588e-03 -2.391684986650943756e-02 -9.998041205108165741e-03

b3:
6.594060659408569336e-01
6.406487822532653809e-01
6.490042209625244141e-01
6.849386692047119141e-01
6.445085406303405762e-01
-2.534261284381500445e-06
6.355383992195129395e-01
5.976908802986145020e-01
6.509363651275634766e-01
6.054868698120117188e-01
6.020469069480895996e-01
6.588883399963378906e-01
3.110538721084594727e-01
-2.741069532930850983e-03
6.369786858558654785e-01
6.632248759269714355e-01
6.442555189132690430e-01
6.524637341499328613e-01
6.282159686088562012e-01
4.445223212242126465e-01
-1.377945773128885776e-05
6.127948760986328125e-01
6.233094334602355957e-01
-1.852737357792549194e-14
6.737515926361083984e-01
6.247156858444213867e-01
4.379393160343170166e-01
6.329419612884521484e-01
6.538836359977722168e-01
6.132337450981140137e-01
6.315358877182006836e-01
-1.441070996224880219e-02

W4:
4.498742520809173584e-01 4.896233379840850830e-01 5.596165060997009277e-01 4.699577391147613525e-01 4.376733303070068359e-01 -9.141830378212034702e-05 4.149169027805328369e-01 4.173595309257507324e-01 4.801917374134063721e-01 4.744843840599060059e-01 4.292528629302978516e-01 4.494944810867309570e-01 2.702490389347076416e-01 -1.300316397100687027e-02 5.665685534477233887e-01 4.924691021442413330e-01 4.228052198886871338e-01 4.252550601959228516e-01 4.094111323356628418e-01 3.480097353458404541e-01 -2.242797781946137547e-04 4.687406122684478760e-01 4.724912345409393311e-01 1.014830078929662704e-02 5.253207087516784668e-01 4.868355989456176758e-01 3.462212085723876953e-01 4.306839704513549805e-01 4.931736886501312256e-01 4.255047738552093506e-01 4.814578890800476074e-01 1.878647319972515106e-02

b4:
1.478365778923034668e+00
